,net_pnl
2010-06-07,0.0
2010-06-08,0.0
2010-06-09,0.0
2010-06-10,0.0
2010-06-11,0.0
2010-06-14,0.0
2010-06-15,0.0
2010-06-16,0.0
2010-06-17,0.0
2010-06-18,0.0
2010-06-21,0.0
2010-06-22,0.0
2010-06-23,0.0
2010-06-24,0.0
2010-06-25,0.0
2010-06-28,0.0
2010-06-29,0.0
2010-06-30,0.0
2010-07-01,0.0
2010-07-02,0.0
2010-07-05,0.0
2010-07-06,0.0
2010-07-07,0.0
2010-07-08,0.0
2010-07-09,0.0
2010-07-12,0.0
2010-07-13,0.0
2010-07-14,0.0
2010-07-15,0.0
2010-07-16,0.0
2010-07-19,0.0
2010-07-20,0.0
2010-07-21,0.0
2010-07-22,0.0
2010-07-23,0.0
2010-07-26,0.0
2010-07-27,0.0
2010-07-28,0.0
2010-07-29,0.0
2010-07-30,0.0
2010-08-02,0.0
2010-08-03,0.0
2010-08-04,0.0
2010-08-05,0.0
2010-08-06,0.0
2010-08-09,0.0
2010-08-10,0.0
2010-08-11,0.0
2010-08-12,0.0
2010-08-13,0.0
2010-08-16,-346.52
2010-08-17,-534.02
2010-08-18,103.48000000000002
2010-08-19,28.480000000000018
2010-08-20,-284.02
2010-08-23,415.98
2010-08-24,-246.51999999999998
2010-08-25,-334.02
2010-08-26,40.97999999999999
2010-08-27,-659.02
2010-08-30,28.480000000000018
2010-08-31,-202.05999999999995
2010-09-01,397.94
2010-09-02,197.94
2010-09-03,-627.06
2010-09-06,-96.52000000000001
2010-09-07,90.98
2010-09-08,78.47999999999999
2010-09-09,-396.52
2010-09-10,203.48000000000002
2010-09-13,3.4799999999999898
2010-09-14,365.98
2010-09-15,140.98000000000002
2010-09-16,-109.02000000000001
2010-09-17,-71.52000000000001
2010-09-20,0.0
2010-09-21,0.0
2010-09-22,0.0
2010-09-23,0.0
2010-09-24,0.0
2010-09-27,0.0
2010-09-28,0.0
2010-09-29,0.0
2010-09-30,0.0
2010-10-01,0.0
2010-10-04,0.0
2010-10-05,0.0
2010-10-06,0.0
2010-10-07,0.0
2010-10-08,0.0
2010-10-11,0.0
2010-10-12,0.0
2010-10-13,0.0
2010-10-14,0.0
2010-10-15,0.0
2010-10-18,0.0
2010-10-19,0.0
2010-10-20,0.0
2010-10-21,0.0
2010-10-22,0.0
2010-10-25,0.0
2010-10-26,0.0
2010-10-27,0.0
2010-10-28,0.0
2010-10-29,0.0
2010-11-01,0.0
2010-11-02,0.0
2010-11-03,0.0
2010-11-04,0.0
2010-11-05,0.0
2010-11-08,0.0
2010-11-09,0.0
2010-11-10,0.0
2010-11-11,0.0
2010-11-12,0.0
2010-11-15,-702.06
2010-11-16,-89.55999999999997
2010-11-17,-227.06
2010-11-18,-14.560000000000002
2010-11-19,-64.56
2010-11-22,310.44000000000005
2010-11-23,-52.05999999999996
2010-11-24,-14.559999999999995
2010-11-25,65.98
2010-11-26,-121.52000000000001
2010-11-29,53.480000000000004
2010-11-30,-121.52000000000001
2010-12-01,-459.02
2010-12-02,78.48
2010-12-03,115.97999999999999
2010-12-06,15.980000000000002
2010-12-07,-21.520000000000003
2010-12-08,-421.52
2010-12-09,-321.52
2010-12-10,-159.02
2010-12-13,178.48000000000002
2010-12-14,-121.52000000000001
2010-12-15,28.480000000000004
2010-12-16,-84.01999999999998
2010-12-17,-59.019999999999996
2010-12-20,0.0
2010-12-21,0.0
2010-12-22,0.0
2010-12-23,0.0
2010-12-27,0.0
2010-12-28,0.0
2010-12-29,0.0
2010-12-30,0.0
2010-12-31,0.0
2011-01-03,0.0
2011-01-04,0.0
2011-01-05,0.0
2011-01-06,0.0
2011-01-07,0.0
2011-01-10,0.0
2011-01-11,0.0
2011-01-12,0.0
2011-01-13,0.0
2011-01-14,0.0
2011-01-17,0.0
2011-01-18,0.0
2011-01-19,0.0
2011-01-20,0.0
2011-01-21,0.0
2011-01-24,0.0
2011-01-25,0.0
2011-01-26,0.0
2011-01-27,0.0
2011-01-28,0.0
2011-01-31,0.0
2011-02-01,0.0
2011-02-02,0.0
2011-02-03,0.0
2011-02-04,0.0
2011-02-07,0.0
2011-02-08,0.0
2011-02-09,0.0
2011-02-10,0.0
2011-02-11,0.0
2011-02-14,0.0
2011-02-15,-171.51999999999998
2011-02-16,228.48000000000002
2011-02-17,-146.51999999999998
2011-02-18,-196.51999999999998
2011-02-21,-409.02
2011-02-22,253.48000000000002
2011-02-23,340.98
2011-02-24,3.480000000000018
2011-02-25,190.98
2011-02-28,153.48
2011-03-01,203.48000000000002
2011-03-02,565.98
2011-03-03,-184.01999999999998
2011-03-04,-46.51999999999998
2011-03-07,-221.51999999999998
2011-03-08,-734.02
2011-03-09,-259.02
2011-03-10,-271.52
2011-03-11,-309.02
2011-03-14,0.0
2011-03-15,-609.02
2011-03-16,140.98000000000002
2011-03-17,428.48
2011-03-18,3.4799999999999898
2011-03-21,0.0
2011-03-22,0.0
2011-03-23,0.0
2011-03-24,0.0
2011-03-25,0.0
2011-03-28,0.0
2011-03-29,0.0
2011-03-30,0.0
2011-03-31,0.0
2011-04-01,0.0
2011-04-04,0.0
2011-04-05,0.0
2011-04-06,0.0
2011-04-07,0.0
2011-04-08,0.0
2011-04-11,0.0
2011-04-12,0.0
2011-04-13,0.0
2011-04-14,0.0
2011-04-15,0.0
2011-04-18,0.0
2011-04-19,0.0
2011-04-20,0.0
2011-04-21,0.0
2011-04-25,0.0
2011-04-26,0.0
2011-04-27,0.0
2011-04-28,0.0
2011-04-29,0.0
2011-05-02,0.0
2011-05-03,0.0
2011-05-04,0.0
2011-05-05,0.0
2011-05-06,0.0
2011-05-09,0.0
2011-05-10,0.0
2011-05-11,0.0
2011-05-12,0.0
2011-05-13,0.0
2011-05-16,0.0
2011-05-17,-489.55999999999995
2011-05-18,-52.059999999999974
2011-05-19,-689.56
2011-05-20,-414.55999999999995
2011-05-23,-564.56
2011-05-24,-14.559999999999974
2011-05-25,-752.06
2011-05-26,-789.56
2011-05-27,97.93999999999998
2011-05-30,3.480000000000004
2011-05-31,65.98
2011-06-01,290.98
2011-06-02,-309.02
2011-06-03,-334.02
2011-06-06,303.48
2011-06-07,-334.02
2011-06-08,-184.01999999999998
2011-06-09,-159.01999999999998
2011-06-10,140.98000000000002
2011-06-13,0.0
2011-06-14,0.0
2011-06-15,0.0
2011-06-16,0.0
2011-06-17,0.0
2011-06-20,0.0
2011-06-21,0.0
2011-06-22,0.0
2011-06-23,0.0
2011-06-24,0.0
2011-06-27,0.0
2011-06-28,0.0
2011-06-29,0.0
2011-06-30,0.0
2011-07-01,0.0
2011-07-04,0.0
2011-07-05,0.0
2011-07-06,0.0
2011-07-07,0.0
2011-07-08,0.0
2011-07-11,0.0
2011-07-12,0.0
2011-07-13,0.0
2011-07-14,0.0
2011-07-15,0.0
2011-07-18,0.0
2011-07-19,0.0
2011-07-20,0.0
2011-07-21,0.0
2011-07-22,0.0
2011-07-25,0.0
2011-07-26,0.0
2011-07-27,0.0
2011-07-28,0.0
2011-07-29,0.0
2011-08-01,0.0
2011-08-02,0.0
2011-08-03,0.0
2011-08-04,0.0
2011-08-05,0.0
2011-08-08,0.0
2011-08-09,0.0
2011-08-10,0.0
2011-08-11,0.0
2011-08-12,0.0
2011-08-15,-171.51999999999998
2011-08-16,315.98
2011-08-17,-84.01999999999998
2011-08-18,165.98000000000002
2011-08-19,-221.51999999999998
2011-08-22,-71.51999999999998
2011-08-23,-1084.02
2011-08-24,415.98
2011-08-25,478.48
2011-08-26,-1034.02
2011-08-29,-134.02
2011-08-30,-552.06
2011-08-31,772.94
2011-09-01,-114.55999999999995
2011-09-02,460.44000000000005
2011-09-05,-221.51999999999998
2011-09-06,315.98
2011-09-07,190.98000000000002
2011-09-08,-859.02
2011-09-09,-984.02
2011-09-12,290.98
2011-09-13,190.98000000000002
2011-09-14,-296.52
2011-09-15,590.98
2011-09-16,628.48
2011-09-19,0.0
2011-09-20,0.0
2011-09-21,0.0
2011-09-22,0.0
2011-09-23,0.0
2011-09-26,0.0
2011-09-27,0.0
2011-09-28,0.0
2011-09-29,0.0
2011-09-30,0.0
2011-10-03,0.0
2011-10-04,0.0
2011-10-05,0.0
2011-10-06,0.0
2011-10-07,0.0
2011-10-10,0.0
2011-10-11,0.0
2011-10-12,0.0
2011-10-13,0.0
2011-10-14,0.0
2011-10-17,0.0
2011-10-18,0.0
2011-10-19,0.0
2011-10-20,0.0
2011-10-21,0.0
2011-10-24,0.0
2011-10-25,0.0
2011-10-26,0.0
2011-10-27,0.0
2011-10-28,0.0
2011-10-31,0.0
2011-11-01,0.0
2011-11-02,0.0
2011-11-03,0.0
2011-11-04,0.0
2011-11-07,0.0
2011-11-08,0.0
2011-11-09,0.0
2011-11-10,0.0
2011-11-11,0.0
2011-11-14,310.44000000000005
2011-11-15,-977.06
2011-11-16,-539.56
2011-11-17,747.94
2011-11-18,-14.559999999999974
2011-11-21,-652.06
2011-11-22,-914.56
2011-11-23,-839.56
2011-11-24,-46.52
2011-11-25,-234.01999999999998
2011-11-28,-84.02000000000001
2011-11-29,78.47999999999999
2011-11-30,3.480000000000018
2011-12-01,-246.51999999999998
2011-12-02,203.48000000000002
2011-12-05,-34.019999999999996
2011-12-06,-159.02
2011-12-07,-296.52
2011-12-08,303.48
2011-12-09,-359.02
2011-12-12,153.48000000000002
2011-12-13,-496.52
2011-12-14,328.48
2011-12-15,253.48000000000002
2011-12-16,203.48000000000002
2011-12-19,0.0
2011-12-20,0.0
2011-12-21,0.0
2011-12-22,0.0
2011-12-23,0.0
2011-12-27,0.0
2011-12-28,0.0
2011-12-29,0.0
2011-12-30,0.0
2012-01-03,0.0
2012-01-04,0.0
2012-01-05,0.0
2012-01-06,0.0
2012-01-09,0.0
2012-01-10,0.0
2012-01-11,0.0
2012-01-12,0.0
2012-01-13,0.0
2012-01-16,0.0
2012-01-17,0.0
2012-01-18,0.0
2012-01-19,0.0
2012-01-20,0.0
2012-01-23,0.0
2012-01-24,0.0
2012-01-25,0.0
2012-01-26,0.0
2012-01-27,0.0
2012-01-30,0.0
2012-01-31,0.0
2012-02-01,0.0
2012-02-02,0.0
2012-02-03,0.0
2012-02-06,0.0
2012-02-07,0.0
2012-02-08,0.0
2012-02-09,0.0
2012-02-10,0.0
2012-02-13,0.0
2012-02-14,0.0
2012-02-15,178.48000000000002
2012-02-16,140.98000000000002
2012-02-17,15.979999999999997
2012-02-20,-221.51999999999998
2012-02-21,-359.02
2012-02-22,-209.01999999999998
2012-02-23,303.48
2012-02-24,15.97999999999999
2012-02-27,453.48
2012-02-28,3.4800000000000004
2012-02-29,-484.02
2012-03-01,-109.02
2012-03-02,-146.51999999999998
2012-03-05,53.480000000000004
2012-03-06,28.479999999999997
2012-03-07,190.98000000000002
2012-03-08,3.4799999999999898
2012-03-09,-384.02
2012-03-12,0.0
2012-03-13,-96.52
2012-03-14,40.97999999999999
2012-03-15,-46.52
2012-03-16,-171.51999999999998
2012-03-19,0.0
2012-03-20,0.0
2012-03-21,0.0
2012-03-22,0.0
2012-03-23,0.0
2012-03-26,0.0
2012-03-27,0.0
2012-03-28,0.0
2012-03-29,0.0
2012-03-30,0.0
2012-04-02,0.0
2012-04-03,0.0
2012-04-04,0.0
2012-04-05,0.0
2012-04-06,0.0
2012-04-09,0.0
2012-04-10,0.0
2012-04-11,0.0
2012-04-12,0.0
2012-04-13,0.0
2012-04-16,0.0
2012-04-17,0.0
2012-04-18,0.0
2012-04-19,0.0
2012-04-20,0.0
2012-04-23,0.0
2012-04-24,0.0
2012-04-25,0.0
2012-04-26,0.0
2012-04-27,0.0
2012-04-30,0.0
2012-05-01,0.0
2012-05-02,0.0
2012-05-03,0.0
2012-05-04,0.0
2012-05-07,0.0
2012-05-08,0.0
2012-05-09,0.0
2012-05-10,0.0
2012-05-11,0.0
2012-05-14,0.0
2012-05-15,0.0
2012-05-16,0.0
2012-05-17,0.0
2012-05-18,0.0
2012-05-21,0.0
2012-05-22,0.0
2012-05-23,0.0
2012-05-24,0.0
2012-05-25,0.0
2012-05-28,0.0
2012-05-29,0.0
2012-05-30,0.0
2012-05-31,0.0
2012-06-01,0.0
2012-06-04,240.98000000000002
2012-06-05,103.47999999999999
2012-06-06,-46.51999999999998
2012-06-07,-521.52
2012-06-08,403.48
2012-06-11,-384.02
2012-06-12,-434.02
2012-06-13,590.98
2012-06-14,90.97999999999999
2012-06-15,-9.019999999999998
2012-06-18,0.0
2012-06-19,0.0
2012-06-20,0.0
2012-06-21,0.0
2012-06-22,0.0
2012-06-25,0.0
2012-06-26,0.0
2012-06-27,0.0
2012-06-28,0.0
2012-06-29,0.0
2012-07-02,0.0
2012-07-03,0.0
2012-07-04,0.0
2012-07-05,0.0
2012-07-06,0.0
2012-07-09,0.0
2012-07-10,0.0
2012-07-11,0.0
2012-07-12,0.0
2012-07-13,0.0
2012-07-16,0.0
2012-07-17,0.0
2012-07-18,0.0
2012-07-19,0.0
2012-07-20,0.0
2012-07-23,0.0
2012-07-24,0.0
2012-07-25,0.0
2012-07-26,0.0
2012-07-27,0.0
2012-07-30,0.0
2012-07-31,0.0
2012-08-01,0.0
2012-08-02,0.0
2012-08-03,0.0
2012-08-06,0.0
2012-08-07,0.0
2012-08-08,0.0
2012-08-09,0.0
2012-08-10,0.0
2012-08-13,215.98000000000002
2012-08-14,-34.02
2012-08-15,40.980000000000004
2012-08-16,-71.51999999999998
2012-08-17,115.98
2012-08-20,3.480000000000004
2012-08-21,-384.02
2012-08-22,128.48
2012-08-23,-159.02
2012-08-24,-171.51999999999998
2012-08-27,78.48
2012-08-28,-171.51999999999998
2012-08-29,190.98000000000002
2012-08-30,60.440000000000026
2012-08-31,-577.06
2012-09-03,40.98
2012-09-04,403.48
2012-09-05,78.47999999999999
2012-09-06,465.98
2012-09-07,-21.519999999999996
2012-09-10,-21.519999999999996
2012-09-11,15.980000000000004
2012-09-12,-109.01999999999998
2012-09-13,3.4800000000000004
2012-09-14,-109.01999999999998
2012-09-17,-34.019999999999996
2012-09-18,-34.02
2012-09-19,178.48
2012-09-20,290.98
2012-09-21,-146.51999999999998
2012-09-24,0.0
2012-09-25,0.0
2012-09-26,0.0
2012-09-27,0.0
2012-09-28,0.0
2012-10-01,0.0
2012-10-02,0.0
2012-10-03,0.0
2012-10-04,0.0
2012-10-05,0.0
2012-10-08,0.0
2012-10-09,0.0
2012-10-10,0.0
2012-10-11,0.0
2012-10-12,0.0
2012-10-15,0.0
2012-10-16,0.0
2012-10-17,0.0
2012-10-18,0.0
2012-10-19,0.0
2012-10-22,0.0
2012-10-23,0.0
2012-10-24,0.0
2012-10-25,0.0
2012-10-26,0.0
2012-10-29,0.0
2012-10-30,0.0
2012-10-31,0.0
2012-11-01,0.0
2012-11-02,0.0
2012-11-05,0.0
2012-11-06,0.0
2012-11-07,0.0
2012-11-08,0.0
2012-11-09,0.0
2012-11-12,0.0
2012-11-13,0.0
2012-11-14,0.0
2012-11-15,0.0
2012-11-16,0.0
2012-11-19,0.0
2012-11-20,0.0
2012-11-21,0.0
2012-11-23,0.0
2012-11-26,0.0
2012-11-27,0.0
2012-11-28,0.0
2012-11-29,0.0
2012-11-30,0.0
2012-12-03,0.0
2012-12-04,0.0
2012-12-05,0.0
2012-12-06,0.0
2012-12-07,0.0
2012-12-10,0.0
2012-12-11,0.0
2012-12-12,0.0
2012-12-13,0.0
2012-12-14,0.0
2012-12-17,0.0
2012-12-18,0.0
2012-12-19,0.0
2012-12-20,0.0
2012-12-21,0.0
2012-12-24,0.0
2012-12-26,0.0
2012-12-27,0.0
2012-12-28,0.0
2012-12-31,0.0
2013-01-02,0.0
2013-01-03,0.0
2013-01-04,0.0
2013-01-07,0.0
2013-01-08,0.0
2013-01-09,0.0
2013-01-10,0.0
2013-01-11,0.0
2013-01-14,0.0
2013-01-15,0.0
2013-01-16,0.0
2013-01-17,0.0
2013-01-18,0.0
2013-01-22,0.0
2013-01-23,0.0
2013-01-24,0.0
2013-01-25,0.0
2013-01-28,0.0
2013-01-29,0.0
2013-01-30,0.0
2013-01-31,0.0
2013-02-01,0.0
2013-02-04,0.0
2013-02-05,0.0
2013-02-06,0.0
2013-02-07,0.0
2013-02-08,0.0
2013-02-11,0.0
2013-02-12,0.0
2013-02-13,0.0
2013-02-14,0.0
2013-02-15,0.0
2013-02-19,0.0
2013-02-20,0.0
2013-02-21,0.0
2013-02-22,-55.53999999999997
2013-02-25,-1227.06
2013-02-26,685.44
2013-02-27,-264.55999999999995
2013-02-28,-189.55999999999995
2013-03-01,-752.06
2013-03-04,85.44000000000001
2013-03-05,-439.56
2013-03-06,360.44
2013-03-07,-102.06
2013-03-08,-64.56000000000002
2013-03-11,97.94
2013-03-12,-552.06
2013-03-13,-152.06
2013-03-14,-139.56
2013-03-15,-689.56
2013-03-18,0.0
2013-03-19,0.0
2013-03-20,0.0
2013-03-21,0.0
2013-03-22,0.0
2013-03-25,0.0
2013-03-26,0.0
2013-03-27,0.0
2013-03-28,0.0
2013-04-01,0.0
2013-04-02,0.0
2013-04-03,0.0
2013-04-04,0.0
2013-04-05,0.0
2013-04-08,0.0
2013-04-09,0.0
2013-04-10,0.0
2013-04-11,0.0
2013-04-12,0.0
2013-04-15,0.0
2013-04-16,0.0
2013-04-17,0.0
2013-04-18,0.0
2013-04-19,0.0
2013-04-22,0.0
2013-04-23,0.0
2013-04-24,0.0
2013-04-25,0.0
2013-04-26,0.0
2013-04-29,0.0
2013-04-30,0.0
2013-05-01,0.0
2013-05-02,0.0
2013-05-03,0.0
2013-05-06,0.0
2013-05-07,0.0
2013-05-08,0.0
2013-05-09,0.0
2013-05-10,0.0
2013-05-13,0.0
2013-05-14,410.44
2013-05-15,535.44
2013-05-16,-339.56
2013-05-17,-414.55999999999995
2013-05-20,-202.05999999999995
2013-05-21,-227.05999999999997
2013-05-22,-377.05999999999995
2013-05-23,85.44000000000003
2013-05-24,-102.06
2013-05-28,-152.05999999999997
2013-05-29,-864.56
2013-05-30,-527.06
2013-05-31,822.94
2013-06-03,-652.06
2013-06-04,-1077.06
2013-06-05,-852.06
2013-06-06,-1189.56
2013-06-07,-664.56
2013-06-10,-77.05999999999997
2013-06-11,-539.56
2013-06-12,-589.56
2013-06-13,-964.56
2013-06-14,-352.06
2013-06-17,85.44
2013-06-18,-27.05999999999996
2013-06-19,847.94
2013-06-20,335.44
2013-06-21,-1252.06
2013-06-24,0.0
2013-06-25,0.0
2013-06-26,0.0
2013-06-27,0.0
2013-06-28,0.0
2013-07-01,0.0
2013-07-02,0.0
2013-07-03,0.0
2013-07-05,0.0
2013-07-08,0.0
2013-07-09,0.0
2013-07-10,0.0
2013-07-11,0.0
2013-07-12,0.0
2013-07-15,0.0
2013-07-16,0.0
2013-07-17,0.0
2013-07-18,0.0
2013-07-19,0.0
2013-07-22,0.0
2013-07-23,0.0
2013-07-24,0.0
2013-07-25,0.0
2013-07-26,0.0
2013-07-29,0.0
2013-07-30,0.0
2013-07-31,0.0
2013-08-01,0.0
2013-08-02,0.0
2013-08-05,0.0
2013-08-06,0.0
2013-08-07,0.0
2013-08-08,0.0
2013-08-09,0.0
2013-08-12,0.0
2013-08-13,0.0
2013-08-14,0.0
2013-08-15,0.0
2013-08-16,0.0
2013-08-19,0.0
2013-08-20,-118.03999999999998
2013-08-21,-243.04
2013-08-22,-680.54
2013-08-23,-218.04
2013-08-26,-243.04
2013-08-27,-230.54
2013-08-28,-168.04
2013-08-29,-305.53999999999996
2013-08-30,610.4399999999999
2013-09-03,72.94000000000003
2013-09-04,-614.56
2013-09-05,97.94
2013-09-06,-839.56
2013-09-09,-152.06
2013-09-10,-189.56
2013-09-11,-577.06
2013-09-12,-239.56
2013-09-13,-339.56000000000006
2013-09-16,-202.06
2013-09-17,-189.56
2013-09-18,1372.94
2013-09-19,-39.56000000000001
2013-09-20,-64.55999999999997
2013-09-23,0.0
2013-09-24,0.0
2013-09-25,0.0
2013-09-26,0.0
2013-09-27,0.0
2013-09-30,0.0
2013-10-01,0.0
2013-10-02,0.0
2013-10-03,0.0
2013-10-04,0.0
2013-10-07,0.0
2013-10-08,0.0
2013-10-09,0.0
2013-10-10,0.0
2013-10-11,0.0
2013-10-14,0.0
2013-10-15,0.0
2013-10-16,0.0
2013-10-17,0.0
2013-10-18,0.0
2013-10-21,0.0
2013-10-22,0.0
2013-10-23,0.0
2013-10-24,0.0
2013-10-25,0.0
2013-10-28,0.0
2013-10-29,0.0
2013-10-30,0.0
2013-10-31,0.0
2013-11-01,0.0
2013-11-04,0.0
2013-11-05,0.0
2013-11-06,0.0
2013-11-07,0.0
2013-11-08,0.0
2013-11-11,0.0
2013-11-12,0.0
2013-11-13,0.0
2013-11-14,0.0
2013-11-15,0.0
2013-11-18,-364.55999999999995
2013-11-19,-589.56
2013-11-20,-52.06000000000002
2013-11-21,110.44000000000001
2013-11-22,-114.55999999999997
2013-11-25,-177.05999999999997
2013-11-26,-164.56
2013-11-27,-389.55999999999995
2013-11-29,-505.53999999999996
2013-12-02,-180.54
2013-12-03,-543.04
2013-12-04,-1505.54
2013-12-05,-230.54
2013-12-06,6.960000000000008
2013-12-09,-193.04
2013-12-10,-43.03999999999999
2013-12-11,-768.04
2013-12-12,-480.53999999999996
2013-12-13,-5.539999999999992
2013-12-16,-505.53999999999996
2013-12-17,-293.04
2013-12-18,-118.04000000000002
2013-12-19,-230.54000000000002
2013-12-20,-380.53999999999996
2013-12-23,0.0
2013-12-24,0.0
2013-12-26,0.0
2013-12-27,0.0
2013-12-30,0.0
2013-12-31,0.0
2014-01-02,0.0
2014-01-03,0.0
2014-01-06,0.0
2014-01-07,0.0
2014-01-08,0.0
2014-01-09,0.0
2014-01-10,0.0
2014-01-13,0.0
2014-01-14,0.0
2014-01-15,0.0
2014-01-16,0.0
2014-01-17,0.0
2014-01-21,0.0
2014-01-22,0.0
2014-01-23,0.0
2014-01-24,0.0
2014-01-27,0.0
2014-01-28,0.0
2014-01-29,0.0
2014-01-30,0.0
2014-01-31,0.0
2014-02-03,0.0
2014-02-04,0.0
2014-02-05,0.0
2014-02-06,0.0
2014-02-07,0.0
2014-02-10,0.0
2014-02-11,0.0
2014-02-12,0.0
2014-02-13,0.0
2014-02-14,0.0
2014-02-18,0.0
2014-02-19,0.0
2014-02-20,0.0
2014-02-21,-305.54
2014-02-24,-130.53999999999996
2014-02-25,-427.06
2014-02-26,-802.06
2014-02-27,-677.06
2014-02-28,-502.05999999999995
2014-03-03,-327.05999999999995
2014-03-04,-264.56
2014-03-05,-177.06
2014-03-06,-14.559999999999983
2014-03-07,-352.06
2014-03-10,-352.05999999999995
2014-03-11,-77.05999999999995
2014-03-12,222.94
2014-03-13,-889.56
2014-03-14,372.94
2014-03-17,-152.06
2014-03-18,-152.05999999999997
2014-03-19,435.44
2014-03-20,560.44
2014-03-21,-327.05999999999995
2014-03-24,0.0
2014-03-25,0.0
2014-03-26,0.0
2014-03-27,0.0
2014-03-28,0.0
2014-03-31,0.0
2014-04-01,0.0
2014-04-02,0.0
2014-04-03,0.0
2014-04-04,0.0
2014-04-07,0.0
2014-04-08,0.0
2014-04-09,0.0
2014-04-10,0.0
2014-04-11,0.0
2014-04-14,0.0
2014-04-15,0.0
2014-04-16,0.0
2014-04-17,0.0
2014-04-21,0.0
2014-04-22,0.0
2014-04-23,0.0
2014-04-24,0.0
2014-04-25,0.0
2014-04-28,0.0
2014-04-29,0.0
2014-04-30,0.0
2014-05-01,0.0
2014-05-02,0.0
2014-05-05,0.0
2014-05-06,0.0
2014-05-07,0.0
2014-05-08,0.0
2014-05-09,0.0
2014-05-12,0.0
2014-05-13,0.0
2014-05-14,0.0
2014-05-15,0.0
2014-05-16,0.0
2014-05-19,0.0
2014-05-20,535.44
2014-05-21,-64.55999999999997
2014-05-22,-527.06
2014-05-23,22.94
2014-05-26,-1.029999999999994
2014-05-27,-151.02999999999997
2014-05-28,-251.02999999999997
2014-05-29,-138.53
2014-05-30,-88.53
2014-06-02,-376.03
2014-06-03,-251.03
2014-06-04,73.97
2014-06-05,261.47
2014-06-06,-113.53
2014-06-09,11.469999999999999
2014-06-10,-51.03000000000001
2014-06-11,-26.029999999999994
2014-06-16,-138.52999999999997
2014-06-17,86.47
2014-06-18,-151.03
2014-06-19,-251.03
2014-06-20,-88.53
2014-06-23,0.0
2014-06-24,0.0
2014-06-25,0.0
2014-06-26,0.0
2014-06-27,0.0
2014-06-30,0.0
2014-07-01,0.0
2014-07-02,0.0
2014-07-03,0.0
2014-07-04,0.0
2014-07-07,0.0
2014-07-08,0.0
2014-07-09,0.0
2014-07-10,0.0
2014-07-11,0.0
2014-07-14,0.0
2014-07-15,0.0
2014-07-16,0.0
2014-07-17,0.0
2014-07-18,0.0
2014-07-21,0.0
2014-07-22,0.0
2014-07-23,0.0
2014-07-24,0.0
2014-07-25,0.0
2014-07-28,0.0
2014-07-29,0.0
2014-07-30,0.0
2014-07-31,0.0
2014-08-01,0.0
2014-08-04,0.0
2014-08-05,0.0
2014-08-06,0.0
2014-08-07,0.0
2014-08-08,0.0
2014-08-11,0.0
2014-08-12,0.0
2014-08-13,0.0
2014-08-14,0.0
2014-08-15,0.0
2014-08-18,-201.02999999999997
2014-08-19,-113.52999999999999
2014-08-20,-226.02999999999997
2014-08-21,-26.03
2014-08-22,48.97000000000001
2014-08-25,-401.03
2014-08-26,-201.03
2014-08-27,-201.03
2014-08-28,-51.03
2014-08-29,-376.03
2014-09-01,-76.03
2014-09-02,-51.02999999999997
2014-09-03,486.47
2014-09-04,-51.03
2014-09-05,73.97000000000003
2014-09-08,148.97
2014-09-09,-251.03
2014-09-10,-226.02999999999997
2014-09-11,-76.02999999999997
2014-09-12,-213.52999999999997
2014-09-15,123.97000000000003
2014-09-16,-488.53
2014-09-17,11.469999999999999
2014-09-18,-51.03
2014-09-19,-26.03
2014-09-22,0.0
2014-09-26,0.0
2014-09-29,0.0
2014-09-30,0.0
2014-10-01,0.0
2014-10-02,0.0
2014-10-03,0.0
2014-10-06,0.0
2014-10-07,0.0
2014-10-08,0.0
2014-10-09,0.0
2014-10-10,0.0
2014-10-13,0.0
2014-10-14,0.0
2014-10-15,0.0
2014-10-16,0.0
2014-10-17,0.0
2014-10-20,0.0
2014-10-21,0.0
2014-10-22,0.0
2014-10-23,0.0
2014-10-24,0.0
2014-10-27,0.0
2014-10-28,0.0
2014-10-29,0.0
2014-10-30,0.0
2014-10-31,0.0
2014-11-03,0.0
2014-11-04,0.0
2014-11-05,0.0
2014-11-06,0.0
2014-11-07,0.0
2014-11-10,0.0
2014-11-11,0.0
2014-11-12,0.0
2014-11-13,0.0
2014-11-14,0.0
2014-11-17,0.0
2014-11-18,0.0
2014-11-19,0.0
2014-11-20,210.44
2014-11-21,-114.55999999999997
2014-11-24,-77.06
2014-11-25,-627.06
2014-11-26,-64.56
2014-11-27,-13.529999999999996
2014-11-28,-288.53
2014-12-01,-388.53
2014-12-02,236.47000000000003
2014-12-03,-176.03
2014-12-04,111.47000000000003
2014-12-05,48.970000000000006
2014-12-08,-488.53
2014-12-09,-563.53
2014-12-10,23.970000000000013
2014-12-11,311.47
2014-12-12,-751.03
2014-12-15,-801.03
2014-12-16,723.97
2014-12-17,223.97000000000003
2014-12-18,148.97000000000003
2014-12-19,-301.03
2014-12-22,0.0
2014-12-23,0.0
2014-12-24,0.0
2014-12-26,0.0
2014-12-29,0.0
2014-12-30,0.0
2015-01-02,0.0
2015-01-05,0.0
2015-01-06,0.0
2015-01-07,0.0
2015-01-08,0.0
2015-01-09,0.0
2015-01-12,0.0
2015-01-13,0.0
2015-01-14,0.0
2015-01-15,0.0
2015-01-16,0.0
2015-01-19,0.0
2015-01-20,0.0
2015-01-21,0.0
2015-01-22,0.0
2015-01-23,0.0
2015-01-26,0.0
2015-01-27,0.0
2015-01-28,0.0
2015-01-29,0.0
2015-01-30,0.0
2015-02-02,0.0
2015-02-03,0.0
2015-02-04,0.0
2015-02-05,0.0
2015-02-06,0.0
2015-02-09,0.0
2015-02-10,0.0
2015-02-11,0.0
2015-02-12,0.0
2015-02-13,0.0
2015-02-16,0.0
2015-02-17,0.0
2015-02-18,0.0
2015-02-19,-238.52999999999997
2015-02-20,73.97000000000003
2015-02-23,11.469999999999999
2015-02-24,148.97
2015-02-25,-1.0300000000000011
2015-02-26,148.97
2015-02-27,98.97
2015-03-02,136.47
2015-03-03,-401.03
2015-03-04,11.470000000000013
2015-03-05,273.97
2015-03-06,-613.53
2015-03-09,-151.02999999999997
2015-03-10,-451.03
2015-03-11,-151.02999999999997
2015-03-12,73.96999999999998
2015-03-13,-926.03
2015-03-16,198.97
2015-03-17,-351.03
2015-03-18,86.47000000000001
2015-03-19,-326.03
2015-03-20,-363.53
2015-03-23,0.0
2015-03-24,0.0
2015-03-25,0.0
2015-03-26,0.0
2015-03-27,0.0
2015-03-30,0.0
2015-03-31,0.0
2015-04-01,0.0
2015-04-02,0.0
2015-04-03,0.0
2015-04-06,0.0
2015-04-07,0.0
2015-04-08,0.0
2015-04-09,0.0
2015-04-10,0.0
2015-04-13,0.0
2015-04-14,0.0
2015-04-15,0.0
2015-04-16,0.0
2015-04-17,0.0
2015-04-20,0.0
2015-04-21,0.0
2015-04-22,0.0
2015-04-23,0.0
2015-04-24,0.0
2015-04-27,0.0
2015-04-28,0.0
2015-04-29,0.0
2015-04-30,0.0
2015-05-01,0.0
2015-05-04,0.0
2015-05-05,0.0
2015-05-06,0.0
2015-05-07,0.0
2015-05-08,0.0
2015-05-11,0.0
2015-05-12,0.0
2015-05-13,0.0
2015-05-14,0.0
2015-05-15,0.0
2015-05-18,0.0
2015-05-19,0.0
2015-05-20,0.0
2015-05-21,0.0
2015-05-22,0.0
2015-05-25,0.0
2015-05-26,0.0
2015-05-27,0.0
2015-05-28,0.0
2015-05-29,0.0
2015-06-01,261.47
2015-06-02,148.97000000000003
2015-06-03,-763.53
2015-06-04,-526.03
2015-06-05,73.97
2015-06-08,-351.03
2015-06-09,361.47
2015-06-10,586.47
2015-06-11,-251.03
2015-06-12,-313.53
2015-06-15,11.470000000000013
2015-06-16,211.47000000000003
2015-06-17,-626.03
2015-06-18,-288.53
2015-06-19,-213.52999999999997
2015-06-22,0.0
2015-06-23,0.0
2015-06-24,0.0
2015-06-25,0.0
2015-06-26,0.0
2015-06-29,0.0
2015-06-30,0.0
2015-07-01,0.0
2015-07-02,0.0
2015-07-03,0.0
2015-07-06,0.0
2015-07-07,0.0
2015-07-08,0.0
2015-07-09,0.0
2015-07-10,0.0
2015-07-13,0.0
2015-07-14,0.0
2015-07-15,0.0
2015-07-16,0.0
2015-07-17,0.0
2015-07-20,0.0
2015-07-21,0.0
2015-07-22,0.0
2015-07-23,0.0
2015-07-24,0.0
2015-07-27,0.0
2015-07-28,0.0
2015-07-29,0.0
2015-07-30,0.0
2015-07-31,0.0
2015-08-03,0.0
2015-08-04,0.0
2015-08-05,0.0
2015-08-06,0.0
2015-08-07,0.0
2015-08-10,0.0
2015-08-11,0.0
2015-08-12,0.0
2015-08-13,0.0
2015-08-14,0.0
2015-08-17,-1018.04
2015-08-18,-43.03999999999999
2015-08-19,-168.03999999999996
2015-08-20,769.46
2015-08-21,1731.96
2015-08-24,-3993.04
2015-08-25,256.96000000000004
2015-08-26,-993.04
2015-08-27,-30.53999999999997
2015-08-28,-205.53999999999996
2015-08-31,235.44000000000005
2015-09-01,885.44
2015-09-02,-1727.06
2015-09-03,1622.94
2015-09-04,135.44000000000005
2015-09-07,-63.52999999999997
2015-09-08,-263.53
2015-09-09,-676.03
2015-09-10,661.47
2015-09-11,-726.03
2015-09-14,373.97
2015-09-15,498.97
2015-09-16,-651.03
2015-09-17,-188.52999999999997
2015-09-18,873.97
2015-09-21,0.0
2015-09-22,0.0
2015-09-23,0.0
2015-09-24,0.0
2015-09-25,0.0
2015-09-28,0.0
2015-09-29,0.0
2015-09-30,0.0
2015-10-01,0.0
2015-10-02,0.0
2015-10-05,0.0
2015-10-06,0.0
2015-10-07,0.0
2015-10-08,0.0
2015-10-09,0.0
2015-10-12,0.0
2015-10-13,0.0
2015-10-14,0.0
2015-10-15,0.0
2015-10-16,0.0
2015-10-19,0.0
2015-10-20,0.0
2015-10-21,0.0
2015-10-22,0.0
2015-10-23,0.0
2015-10-26,0.0
2015-10-27,0.0
2015-10-28,0.0
2015-10-29,0.0
2015-10-30,0.0
2015-11-02,0.0
2015-11-03,0.0
2015-11-04,0.0
2015-11-05,0.0
2015-11-06,0.0
2015-11-09,0.0
2015-11-10,0.0
2015-11-11,0.0
2015-11-12,0.0
2015-11-13,0.0
2015-11-16,410.44000000000005
2015-11-17,-1377.06
2015-11-18,485.44000000000005
2015-11-19,210.44000000000003
2015-11-20,-52.05999999999999
2015-11-23,-814.56
2015-11-24,-114.55999999999997
2015-11-25,-239.55999999999997
2015-11-26,-251.03000000000003
2015-11-27,-101.02999999999999
2015-11-30,-251.02999999999997
2015-12-01,348.97
2015-12-02,-213.52999999999997
2015-12-03,-488.53
2015-12-04,286.47
2015-12-07,-88.52999999999997
2015-12-08,-613.53
2015-12-09,-463.53
2015-12-10,811.47
2015-12-11,-163.53
2015-12-14,623.97
2015-12-15,336.47
2015-12-16,48.97000000000003
2015-12-17,573.97
2015-12-18,73.97000000000003
2015-12-21,0.0
2015-12-22,0.0
2015-12-23,0.0
2015-12-24,0.0
2015-12-28,0.0
2015-12-29,0.0
2015-12-30,0.0
2015-12-31,0.0
2016-01-04,0.0
2016-01-05,0.0
2016-01-06,0.0
2016-01-07,0.0
2016-01-08,0.0
2016-01-11,0.0
2016-01-12,0.0
2016-01-13,0.0
2016-01-14,0.0
2016-01-15,0.0
2016-01-18,0.0
2016-01-19,0.0
2016-01-20,0.0
2016-01-21,0.0
2016-01-22,0.0
2016-01-25,0.0
2016-01-26,0.0
2016-01-27,0.0
2016-01-28,0.0
2016-01-29,0.0
2016-02-01,0.0
2016-02-02,0.0
2016-02-03,0.0
2016-02-04,0.0
2016-02-05,0.0
2016-02-08,0.0
2016-02-09,0.0
2016-02-10,0.0
2016-02-11,0.0
2016-02-12,0.0
2016-02-15,0.0
2016-02-16,0.0
2016-02-17,-463.53
2016-02-18,148.97000000000003
2016-02-19,-101.02999999999997
2016-02-22,-26.029999999999987
2016-02-23,536.47
2016-02-24,148.97000000000003
2016-02-25,186.47000000000003
2016-02-26,-376.03
2016-02-29,36.47000000000001
2016-03-01,286.47
2016-03-02,-238.52999999999997
2016-03-03,-376.03
2016-03-04,-288.53
2016-03-07,-38.52999999999998
2016-03-08,98.97000000000003
2016-03-09,-188.52999999999997
2016-03-10,-1563.53
2016-03-11,-51.02999999999999
2016-03-14,-51.02999999999997
2016-03-15,-201.02999999999997
2016-03-16,-363.53
2016-03-17,-188.52999999999997
2016-03-18,-126.03
2016-03-21,0.0
2016-03-22,0.0
2016-03-23,0.0
2016-03-24,0.0
2016-03-28,0.0
2016-03-29,0.0
2016-03-30,0.0
2016-03-31,0.0
2016-04-01,0.0
2016-04-04,0.0
2016-04-05,0.0
2016-04-06,0.0
2016-04-07,0.0
2016-04-08,0.0
2016-04-11,0.0
2016-04-12,0.0
2016-04-13,0.0
2016-04-14,0.0
2016-04-15,0.0
2016-04-18,0.0
2016-04-19,0.0
2016-04-20,0.0
2016-04-21,0.0
2016-04-22,0.0
2016-04-25,0.0
2016-04-26,0.0
2016-04-27,0.0
2016-04-28,0.0
2016-04-29,0.0
2016-05-02,0.0
2016-05-03,0.0
2016-05-04,0.0
2016-05-05,0.0
2016-05-06,0.0
2016-05-09,0.0
2016-05-10,0.0
2016-05-11,0.0
2016-05-12,0.0
2016-05-13,0.0
2016-05-16,0.0
2016-05-17,-564.56
2016-05-18,-427.05999999999995
2016-05-19,-89.55999999999995
2016-05-20,110.44000000000001
2016-05-23,-239.56
2016-05-24,-202.06
2016-05-25,-639.56
2016-05-26,-277.06
2016-05-27,85.44
2016-05-30,-26.029999999999994
2016-05-31,-288.53
2016-06-01,-151.02999999999997
2016-06-02,-113.53
2016-06-03,-51.02999999999997
2016-06-06,-413.53
2016-06-07,148.97
2016-06-08,248.97
2016-06-09,73.97
2016-06-10,-326.03
2016-06-13,-301.03
2016-06-14,811.47
2016-06-15,-301.03
2016-06-16,461.47
2016-06-17,223.97
2016-06-20,0.0
2016-06-21,0.0
2016-06-22,0.0
2016-06-23,0.0
2016-06-24,0.0
2016-06-27,0.0
2016-06-28,0.0
2016-06-29,0.0
2016-06-30,0.0
2016-07-01,0.0
2016-07-04,0.0
2016-07-05,0.0
2016-07-06,0.0
2016-07-07,0.0
2016-07-08,0.0
2016-07-11,0.0
2016-07-12,0.0
2016-07-13,0.0
2016-07-14,0.0
2016-07-15,0.0
2016-07-18,0.0
2016-07-19,0.0
2016-07-20,0.0
2016-07-21,0.0
2016-07-22,0.0
2016-07-25,0.0
2016-07-26,0.0
2016-07-27,0.0
2016-07-28,0.0
2016-07-29,0.0
2016-08-01,0.0
2016-08-02,0.0
2016-08-03,0.0
2016-08-04,0.0
2016-08-05,0.0
2016-08-08,0.0
2016-08-09,0.0
2016-08-10,0.0
2016-08-11,0.0
2016-08-12,0.0
2016-08-15,36.47000000000001
2016-08-16,-101.03
2016-08-17,-576.03
2016-08-18,86.47000000000001
2016-08-19,436.47
2016-08-22,86.47000000000001
2016-08-23,-113.53
2016-08-24,-76.03
2016-08-25,-51.03000000000001
2016-08-26,948.97
2016-08-29,-251.02999999999997
2016-08-30,-227.06
2016-08-31,-77.05999999999997
2016-09-01,-902.06
2016-09-02,197.94
2016-09-05,-301.03000000000003
2016-09-06,-163.52999999999997
2016-09-07,136.47
2016-09-08,-226.03
2016-09-09,461.47
2016-09-12,-851.03
2016-09-13,536.47
2016-09-14,-201.02999999999997
2016-09-15,-638.53
2016-09-16,123.97
2016-09-19,0.0
2016-09-20,0.0
2016-09-21,0.0
2016-09-22,0.0
2016-09-23,0.0
2016-09-26,0.0
2016-09-27,0.0
2016-09-28,0.0
2016-09-29,0.0
2016-09-30,0.0
2016-10-03,0.0
2016-10-04,0.0
2016-10-05,0.0
2016-10-06,0.0
2016-10-07,0.0
2016-10-10,0.0
2016-10-11,0.0
2016-10-12,0.0
2016-10-13,0.0
2016-10-14,0.0
2016-10-17,0.0
2016-10-18,0.0
2016-10-19,0.0
2016-10-20,0.0
2016-10-21,0.0
2016-10-24,0.0
2016-10-25,0.0
2016-10-26,0.0
2016-10-27,0.0
2016-10-28,0.0
2016-10-31,0.0
2016-11-01,0.0
2016-11-02,0.0
2016-11-03,0.0
2016-11-04,0.0
2016-11-07,0.0
2016-11-08,0.0
2016-11-09,0.0
2016-11-10,0.0
2016-11-11,0.0
2016-11-14,247.94
2016-11-15,-364.55999999999995
2016-11-16,-439.55999999999995
2016-11-17,260.44000000000005
2016-11-18,72.94
2016-11-21,35.440000000000026
2016-11-22,-102.06
2016-11-23,-339.55999999999995
2016-11-24,-101.03
2016-11-25,98.97
2016-11-28,373.97
2016-11-29,-313.53
2016-11-30,-38.53000000000001
2016-12-01,-138.53
2016-12-02,-176.03
2016-12-05,-263.53
2016-12-06,-63.53
2016-12-07,86.47000000000003
2016-12-08,136.47
2016-12-09,-88.53
2016-12-12,-38.52999999999999
2016-12-13,236.47
2016-12-14,98.97
2016-12-15,-163.53
2016-12-16,-476.03
2016-12-19,0.0
2016-12-20,0.0
2016-12-21,0.0
2016-12-22,0.0
2016-12-23,0.0
2016-12-27,0.0
2016-12-28,0.0
2016-12-29,0.0
2016-12-30,0.0
2017-01-03,0.0
2017-01-04,0.0
2017-01-05,0.0
2017-01-06,0.0
2017-01-09,0.0
2017-01-10,0.0
2017-01-11,0.0
2017-01-12,0.0
2017-01-13,0.0
2017-01-16,0.0
2017-01-17,0.0
2017-01-18,0.0
2017-01-19,0.0
2017-01-20,0.0
2017-01-23,0.0
2017-01-24,0.0
2017-01-25,0.0
2017-01-26,0.0
2017-01-27,0.0
2017-01-30,0.0
2017-01-31,0.0
2017-02-01,0.0
2017-02-02,0.0
2017-02-03,0.0
2017-02-06,0.0
2017-02-07,0.0
2017-02-08,0.0
2017-02-09,0.0
2017-02-10,0.0
2017-02-13,0.0
2017-02-14,0.0
2017-02-15,-163.53
2017-02-16,-76.02999999999999
2017-02-17,23.970000000000006
2017-02-20,-213.53
2017-02-21,-401.03
2017-02-22,-13.530000000000001
2017-02-23,423.97
2017-02-24,123.97
2017-02-27,-13.529999999999994
2017-02-28,-351.03
2017-03-01,-13.529999999999987
2017-03-02,-351.03
2017-03-03,148.97
2017-03-06,348.97
2017-03-07,-326.03
2017-03-08,161.47000000000003
2017-03-09,-101.03
2017-03-10,98.97000000000003
2017-03-13,-146.52
2017-03-14,-376.03
2017-03-15,-38.52999999999999
2017-03-16,286.46999999999997
2017-03-17,-1.0299999999999958
2017-03-20,0.0
2017-03-21,0.0
2017-03-22,0.0
2017-03-23,0.0
2017-03-24,0.0
2017-03-27,0.0
2017-03-28,0.0
2017-03-29,0.0
2017-03-30,0.0
2017-03-31,0.0
2017-04-03,0.0
2017-04-04,0.0
2017-04-05,0.0
2017-04-06,0.0
2017-04-07,0.0
2017-04-10,0.0
2017-04-11,0.0
2017-04-12,0.0
2017-04-13,0.0
2017-04-17,0.0
2017-04-18,0.0
2017-04-19,0.0
2017-04-20,0.0
2017-04-21,0.0
2017-04-24,0.0
2017-04-25,0.0
2017-04-26,0.0
2017-04-27,0.0
2017-04-28,0.0
2017-05-01,0.0
2017-05-02,0.0
2017-05-03,0.0
2017-05-04,0.0
2017-05-05,0.0
2017-05-08,0.0
2017-05-09,0.0
2017-05-10,0.0
2017-05-11,0.0
2017-05-12,0.0
2017-05-15,0.0
2017-05-16,-464.55999999999995
2017-05-17,660.44
2017-05-18,335.44000000000005
2017-05-19,447.94
2017-05-22,-189.56
2017-05-23,-252.05999999999997
2017-05-24,-352.06
2017-05-25,-202.05999999999997
2017-05-26,-127.06
2017-05-29,-26.03
2017-05-30,11.469999999999999
2017-05-31,-451.03
2017-06-01,386.47
2017-06-02,-138.52999999999997
2017-06-05,-101.03
2017-06-06,11.470000000000006
2017-06-07,-138.53
2017-06-08,223.97
2017-06-09,-188.52999999999997
2017-06-12,-601.03
2017-06-13,436.47
2017-06-14,236.47
2017-06-15,148.96999999999997
2017-06-16,286.47
2017-06-19,0.0
2017-06-20,0.0
2017-06-21,0.0
2017-06-22,0.0
2017-06-23,0.0
2017-06-26,0.0
2017-06-27,0.0
2017-06-28,0.0
2017-06-29,0.0
2017-06-30,0.0
2017-07-03,0.0
2017-07-04,0.0
2017-07-05,0.0
2017-07-06,0.0
2017-07-07,0.0
2017-07-10,0.0
2017-07-11,0.0
2017-07-12,0.0
2017-07-13,0.0
2017-07-14,0.0
2017-07-17,0.0
2017-07-18,0.0
2017-07-19,0.0
2017-07-20,0.0
2017-07-21,0.0
2017-07-24,0.0
2017-07-25,0.0
2017-07-26,0.0
2017-07-27,0.0
2017-07-28,0.0
2017-07-31,0.0
2017-08-01,0.0
2017-08-02,0.0
2017-08-03,0.0
2017-08-04,0.0
2017-08-07,0.0
2017-08-08,0.0
2017-08-09,0.0
2017-08-10,0.0
2017-08-11,0.0
2017-08-14,211.47000000000003
2017-08-15,-338.53
2017-08-16,98.97
2017-08-17,-88.52999999999997
2017-08-18,473.97
2017-08-21,73.96999999999998
2017-08-22,148.97
2017-08-23,61.46999999999999
2017-08-24,-88.52999999999997
2017-08-25,-526.03
2017-08-28,48.97
2017-08-29,136.47
2017-08-30,-214.55999999999997
2017-08-31,-339.56
2017-09-01,-64.56
2017-09-04,-1.0300000000000011
2017-09-05,211.47000000000003
2017-09-06,-276.03
2017-09-07,-188.52999999999997
2017-09-08,-76.03
2017-09-11,-38.52999999999997
2017-09-12,-251.02999999999997
2017-09-13,-201.03
2017-09-14,-26.029999999999994
2017-09-15,173.97000000000003
2017-09-18,0.0
2017-09-19,0.0
2017-09-20,0.0
2017-09-21,0.0
2017-09-22,0.0
2017-09-25,0.0
2017-09-26,0.0
2017-09-27,0.0
2017-09-28,0.0
2017-09-29,0.0
2017-10-02,0.0
2017-10-03,0.0
2017-10-04,0.0
2017-10-05,0.0
2017-10-06,0.0
2017-10-09,0.0
2017-10-10,0.0
2017-10-11,0.0
2017-10-12,0.0
2017-10-13,0.0
2017-10-16,0.0
2017-10-17,0.0
2017-10-18,0.0
2017-10-19,0.0
2017-10-20,0.0
2017-10-23,0.0
2017-10-24,0.0
2017-10-25,0.0
2017-10-26,0.0
2017-10-27,0.0
2017-10-30,0.0
2017-10-31,0.0
2017-11-01,0.0
2017-11-02,0.0
2017-11-03,0.0
2017-11-06,0.0
2017-11-07,0.0
2017-11-08,0.0
2017-11-09,0.0
2017-11-10,0.0
2017-11-13,-389.55999999999995
2017-11-14,-389.55999999999995
2017-11-15,-914.56
2017-11-16,297.94
2017-11-17,-377.06
2017-11-20,-152.06
2017-11-21,-27.059999999999988
2017-11-22,-289.56
2017-11-23,-26.029999999999998
2017-11-24,-101.03
2017-11-27,61.470000000000006
2017-11-28,61.47000000000003
2017-11-29,61.47000000000003
2017-11-30,548.97
2017-12-01,1336.47
2017-12-04,-538.53
2017-12-05,148.97000000000003
2017-12-06,236.47000000000003
2017-12-07,-1.0299999999999816
2017-12-08,123.97
2017-12-11,-176.02999999999997
2017-12-12,-188.52999999999997
2017-12-13,-263.53
2017-12-14,-263.53
2017-12-15,-113.52999999999997
2017-12-18,0.0
2017-12-19,0.0
2017-12-20,0.0
2017-12-21,0.0
2017-12-22,0.0
2017-12-26,0.0
2017-12-27,0.0
2017-12-28,0.0
2017-12-29,0.0
2018-01-02,0.0
2018-01-03,0.0
2018-01-04,0.0
2018-01-05,0.0
2018-01-08,0.0
2018-01-09,0.0
2018-01-10,0.0
2018-01-11,0.0
2018-01-12,0.0
2018-01-15,0.0
2018-01-16,0.0
2018-01-17,0.0
2018-01-18,0.0
2018-01-19,0.0
2018-01-22,0.0
2018-01-23,0.0
2018-01-24,0.0
2018-01-25,0.0
2018-01-26,0.0
2018-01-29,0.0
2018-01-30,0.0
2018-01-31,0.0
2018-02-01,0.0
2018-02-02,0.0
2018-02-05,0.0
2018-02-06,0.0
2018-02-07,0.0
2018-02-08,0.0
2018-02-09,0.0
2018-02-12,0.0
2018-02-13,0.0
2018-02-14,-1613.53
2018-02-15,586.47
2018-02-16,-1026.03
2018-02-19,-151.02999999999997
2018-02-20,861.47
2018-02-21,-413.53
2018-02-22,-338.53
2018-02-23,161.47000000000003
2018-02-26,123.97000000000003
2018-02-27,361.47
2018-02-28,736.47
2018-03-01,-1138.53
2018-03-02,386.47
2018-03-05,173.97000000000003
2018-03-06,1086.47
2018-03-07,-1326.03
2018-03-08,-88.52999999999999
2018-03-09,-163.52999999999997
2018-03-12,448.97
2018-03-13,-88.52999999999997
2018-03-14,-526.03
2018-03-15,-401.03
2018-03-16,-663.53
2018-03-19,0.0
2018-03-20,0.0
2018-03-21,0.0
2018-03-22,0.0
2018-03-23,0.0
2018-03-26,0.0
2018-03-27,0.0
2018-03-28,0.0
2018-03-29,0.0
2018-04-02,0.0
2018-04-03,0.0
2018-04-04,0.0
2018-04-05,0.0
2018-04-06,0.0
2018-04-09,0.0
2018-04-10,0.0
2018-04-11,0.0
2018-04-12,0.0
2018-04-13,0.0
2018-04-16,0.0
2018-04-17,0.0
2018-04-18,0.0
2018-04-19,0.0
2018-04-20,0.0
2018-04-23,0.0
2018-04-24,0.0
2018-04-25,0.0
2018-04-26,0.0
2018-04-27,0.0
2018-04-30,0.0
2018-05-01,0.0
2018-05-02,0.0
2018-05-03,0.0
2018-05-04,0.0
2018-05-07,0.0
2018-05-08,0.0
2018-05-09,0.0
2018-05-10,0.0
2018-05-11,0.0
2018-05-14,0.0
2018-05-15,-977.06
2018-05-16,260.44000000000005
2018-05-17,-1827.06
2018-05-18,-527.06
2018-05-21,97.94000000000003
2018-05-22,222.94000000000005
2018-05-23,647.94
2018-05-24,822.94
2018-05-25,-602.06
2018-05-28,-188.52999999999997
2018-05-29,-326.03
2018-05-30,-388.53
2018-05-31,423.97
2018-06-01,-76.03
2018-06-04,-176.03
2018-06-05,-263.53
2018-06-06,-663.53
2018-06-07,198.97
2018-06-08,223.97000000000003
2018-06-11,-213.52999999999997
2018-06-12,-201.03
2018-06-13,-426.03
2018-06-14,-288.53
2018-06-15,198.97
2018-06-18,0.0
2018-06-19,0.0
2018-06-20,0.0
2018-06-21,0.0
2018-06-22,0.0
2018-06-25,0.0
2018-06-26,0.0
2018-06-27,0.0
2018-06-28,0.0
2018-06-29,0.0
2018-07-02,0.0
2018-07-03,0.0
2018-07-04,0.0
2018-07-05,0.0
2018-07-06,0.0
2018-07-09,0.0
2018-07-10,0.0
2018-07-11,0.0
2018-07-12,0.0
2018-07-13,0.0
2018-07-16,0.0
2018-07-17,0.0
2018-07-18,0.0
2018-07-19,0.0
2018-07-20,0.0
2018-07-23,0.0
2018-07-24,0.0
2018-07-25,0.0
2018-07-26,0.0
2018-07-27,0.0
2018-07-30,0.0
2018-07-31,0.0
2018-08-01,0.0
2018-08-02,0.0
2018-08-03,0.0
2018-08-06,0.0
2018-08-07,0.0
2018-08-08,0.0
2018-08-09,0.0
2018-08-10,0.0
2018-08-13,-713.53
2018-08-14,186.47
2018-08-15,-888.53
2018-08-16,461.47
2018-08-17,511.47
2018-08-20,-126.02999999999999
2018-08-21,-138.52999999999997
2018-08-22,461.47
2018-08-23,-588.53
2018-08-24,486.47
2018-08-27,186.47000000000003
2018-08-28,-651.03
2018-08-29,573.97
2018-08-30,-502.05999999999995
2018-08-31,-577.06
2018-09-03,-155.54
2018-09-04,94.46000000000004
2018-09-05,6.960000000000008
2018-09-06,-1043.04
2018-09-07,-443.03999999999996
2018-09-10,181.96000000000004
2018-09-11,431.96000000000004
2018-09-12,-555.54
2018-09-13,-105.53999999999999
2018-09-14,531.96
2018-09-17,-238.52999999999997
2018-09-18,473.97
2018-09-19,98.97
2018-09-20,236.47000000000003
2018-09-21,36.47000000000001
2018-09-24,0.0
2018-09-25,0.0
2018-09-26,0.0
2018-09-27,0.0
2018-09-28,0.0
2018-10-01,0.0
2018-10-02,0.0
2018-10-03,0.0
2018-10-04,0.0
2018-10-05,0.0
2018-10-08,0.0
2018-10-09,0.0
2018-10-10,0.0
2018-10-11,0.0
2018-10-12,0.0
2018-10-15,0.0
2018-10-16,0.0
2018-10-17,0.0
2018-10-18,0.0
2018-10-19,0.0
2018-10-22,0.0
2018-10-23,0.0
2018-10-24,0.0
2018-10-25,0.0
2018-10-26,0.0
2018-10-29,0.0
2018-10-30,0.0
2018-10-31,0.0
2018-11-01,0.0
2018-11-02,0.0
2018-11-05,0.0
2018-11-06,0.0
2018-11-07,0.0
2018-11-08,0.0
2018-11-09,0.0
2018-11-12,0.0
2018-11-13,0.0
2018-11-14,0.0
2018-11-15,0.0
2018-11-16,0.0
2018-11-19,1435.44
2018-11-20,-189.55999999999995
2018-11-21,10.440000000000055
2018-11-22,411.47
2018-11-23,286.47
2018-11-26,573.97
2018-11-27,-201.02999999999997
2018-11-28,-1601.03
2018-11-29,-401.03
2018-11-30,-13.529999999999973
2018-12-03,111.47000000000003
2018-12-04,2323.9700000000003
2018-12-05,0.0
2018-12-06,0.0
2018-12-07,0.0
2018-12-10,0.0
2018-12-11,0.0
2018-12-12,0.0
2018-12-13,0.0
2018-12-14,0.0
2018-12-17,0.0
2018-12-18,0.0
2018-12-19,0.0
2018-12-20,0.0
2018-12-21,0.0
2018-12-24,0.0
2018-12-26,0.0
2018-12-27,0.0
2018-12-28,0.0
2018-12-31,0.0
2019-01-02,0.0
2019-01-03,0.0
2019-01-04,0.0
2019-01-07,0.0
2019-01-08,0.0
2019-01-09,0.0
2019-01-10,0.0
2019-01-11,0.0
2019-01-14,0.0
2019-01-15,0.0
2019-01-16,0.0
2019-01-17,0.0
2019-01-18,0.0
2019-01-21,0.0
2019-01-22,0.0
2019-01-23,0.0
2019-01-24,0.0
2019-01-25,0.0
2019-01-28,0.0
2019-01-29,0.0
2019-01-30,0.0
2019-01-31,0.0
2019-02-01,0.0
2019-02-04,0.0
2019-02-05,0.0
2019-02-06,0.0
2019-02-07,0.0
2019-02-08,0.0
2019-02-11,0.0
2019-02-12,0.0
2019-02-13,0.0
2019-02-14,0.0
2019-02-15,0.0
2019-02-18,0.0
2019-02-19,0.0
2019-02-20,-276.03
2019-02-21,411.47
2019-02-22,173.97000000000003
2019-02-25,-276.03
2019-02-26,-76.02999999999997
2019-02-27,-26.029999999999987
2019-02-28,73.97000000000003
2019-03-01,-638.53
2019-03-04,-2213.5299999999997
2019-03-05,36.470000000000006
2019-03-06,-388.53
2019-03-07,-288.53
2019-03-08,123.97000000000003
2019-03-11,-238.52999999999997
2019-03-12,-51.02999999999997
2019-03-13,-101.02999999999997
2019-03-14,161.47
2019-03-15,211.47000000000003
2019-03-18,0.0
2019-03-19,0.0
2019-03-20,0.0
2019-03-21,0.0
2019-03-22,0.0
2019-03-25,0.0
2019-03-26,0.0
2019-03-27,0.0
2019-03-28,0.0
2019-03-29,0.0
2019-04-01,0.0
2019-04-02,0.0
2019-04-03,0.0
2019-04-04,0.0
2019-04-05,0.0
2019-04-08,0.0
2019-04-09,0.0
2019-04-10,0.0
2019-04-11,0.0
2019-04-12,0.0
2019-04-15,0.0
2019-04-16,0.0
2019-04-17,0.0
2019-04-18,0.0
2019-04-22,0.0
2019-04-23,0.0
2019-04-24,0.0
2019-04-25,0.0
2019-04-26,0.0
2019-04-29,0.0
2019-04-30,0.0
2019-05-01,0.0
2019-05-02,0.0
2019-05-03,0.0
2019-05-06,0.0
2019-05-07,0.0
2019-05-08,0.0
2019-05-09,0.0
2019-05-10,0.0
2019-05-13,0.0
2019-05-14,-902.06
2019-05-15,-1464.56
2019-05-16,260.44000000000005
2019-05-17,1897.94
2019-05-20,-202.05999999999995
2019-05-21,922.94
2019-05-22,-89.55999999999995
2019-05-23,-77.05999999999995
2019-05-24,-427.05999999999995
2019-05-27,48.97
2019-05-28,-576.03
2019-05-29,-601.03
2019-05-30,36.47000000000003
2019-05-31,-438.53
2019-06-03,836.47
2019-06-04,61.47000000000003
2019-06-05,-1013.53
2019-06-06,273.97
2019-06-07,636.47
2019-06-10,-751.03
2019-06-11,-1238.53
2019-06-12,-301.03
2019-06-13,-451.03
2019-06-14,48.970000000000006
2019-06-17,198.97
2019-06-18,836.47
2019-06-19,-463.53
2019-06-20,-676.03
2019-06-21,86.47
2019-06-24,0.0
2019-06-25,0.0
2019-06-26,0.0
2019-06-27,0.0
2019-06-28,0.0
2019-07-01,0.0
2019-07-02,0.0
2019-07-03,0.0
2019-07-04,0.0
2019-07-05,0.0
2019-07-08,0.0
2019-07-09,0.0
2019-07-10,0.0
2019-07-11,0.0
2019-07-12,0.0
2019-07-15,0.0
2019-07-16,0.0
2019-07-17,0.0
2019-07-18,0.0
2019-07-19,0.0
2019-07-22,0.0
2019-07-23,0.0
2019-07-24,0.0
2019-07-25,0.0
2019-07-26,0.0
2019-07-29,0.0
2019-07-30,0.0
2019-07-31,0.0
2019-08-01,0.0
2019-08-02,0.0
2019-08-05,0.0
2019-08-06,0.0
2019-08-07,0.0
2019-08-08,0.0
2019-08-09,0.0
2019-08-12,0.0
2019-08-13,0.0
2019-08-14,0.0
2019-08-15,0.0
2019-08-16,0.0
2019-08-19,-413.53
2019-08-20,-388.53
2019-08-21,-501.03
2019-08-22,-1738.53
2019-08-23,2086.4699999999993
2019-08-26,161.47000000000003
2019-08-27,261.47
2019-08-28,-701.03
2019-08-29,-126.02999999999997
2019-08-30,1160.44
2019-09-02,-13.529999999999973
2019-09-03,123.97000000000003
2019-09-04,-276.03
2019-09-05,-276.03
2019-09-06,-238.52999999999997
2019-09-09,111.47000000000003
2019-09-10,-738.53
2019-09-11,-363.53
2019-09-12,-451.03
2019-09-13,61.469999999999985
2019-09-16,-251.02999999999997
2019-09-17,-138.52999999999997
2019-09-18,86.47
2019-09-19,198.97
2019-09-20,-1.029999999999994
2019-09-23,0.0
2019-09-24,0.0
2019-09-25,0.0
2019-09-26,0.0
2019-09-27,0.0
2019-09-30,0.0
2019-10-01,0.0
2019-10-02,0.0
2019-10-03,0.0
2019-10-04,0.0
2019-10-07,0.0
2019-10-08,0.0
2019-10-09,0.0
2019-10-10,0.0
2019-10-11,0.0
2019-10-14,0.0
2019-10-15,0.0
2019-10-16,0.0
2019-10-17,0.0
2019-10-18,0.0
2019-10-21,0.0
2019-10-22,0.0
2019-10-23,0.0
2019-10-24,0.0
2019-10-25,0.0
2019-10-28,0.0
2019-10-29,0.0
2019-10-30,0.0
2019-10-31,0.0
2019-11-01,0.0
2019-11-04,0.0
2019-11-05,0.0
2019-11-06,0.0
2019-11-07,0.0
2019-11-08,0.0
2019-11-11,0.0
2019-11-12,0.0
2019-11-13,0.0
2019-11-14,0.0
2019-11-15,0.0
2019-11-18,-27.059999999999988
2019-11-19,-639.56
2019-11-20,172.94000000000005
2019-11-21,-527.06
2019-11-22,-789.56
2019-11-25,-277.06
2019-11-26,-589.56
2019-11-27,135.44
2019-11-28,23.970000000000006
2019-11-29,-438.53
2019-12-02,-1376.03
2019-12-03,-188.52999999999997
2019-12-04,48.97
2019-12-05,-101.03
2019-12-06,-88.53
2019-12-09,123.97000000000003
2019-12-10,473.97
2019-12-11,-288.53
2019-12-12,148.97000000000003
2019-12-13,-551.03
2019-12-16,61.47000000000002
2019-12-17,-163.53
2019-12-18,-38.529999999999994
2019-12-19,-226.02999999999997
2019-12-20,-151.03
2019-12-23,0.0
2019-12-24,0.0
2019-12-26,0.0
2019-12-27,0.0
2019-12-30,0.0
2019-12-31,0.0
2020-01-02,0.0
2020-01-03,0.0
2020-01-06,0.0
2020-01-07,0.0
2020-01-08,0.0
2020-01-09,0.0
2020-01-10,0.0
2020-01-13,0.0
2020-01-14,0.0
2020-01-15,0.0
2020-01-16,0.0
2020-01-17,0.0
2020-01-20,0.0
2020-01-21,0.0
2020-01-22,0.0
2020-01-23,0.0
2020-01-24,0.0
2020-01-27,0.0
2020-01-28,0.0
2020-01-29,0.0
2020-01-30,0.0
2020-01-31,0.0
2020-02-03,0.0
2020-02-04,0.0
2020-02-05,0.0
2020-02-06,0.0
2020-02-07,0.0
2020-02-10,0.0
2020-02-11,0.0
2020-02-12,0.0
2020-02-13,0.0
2020-02-14,0.0
2020-02-17,0.0
2020-02-18,0.0
2020-02-19,-63.529999999999994
2020-02-20,-1526.03
2020-02-21,-163.52999999999997
2020-02-24,-988.53
2020-02-25,2948.9700000000003
2020-02-26,511.47
2020-02-27,-1413.53
2020-02-28,-3588.5299999999997
2020-03-02,-1663.5300000000002
2020-03-03,1673.9699999999998
2020-03-04,-1188.53
2020-03-05,2136.4700000000003
2020-03-06,898.97
2020-03-09,-1226.0300000000004
2020-03-10,-5138.530000000001
2020-03-11,-51.02999999999997
2020-03-12,-1626.0300000000004
2020-03-13,698.97
2020-03-16,-1938.5300000000004
2020-03-17,-488.5300000000004
2020-03-18,1623.9699999999998
2020-03-19,2573.9700000000003
2020-03-20,511.4699999999996
2020-03-23,0.0
2020-03-24,0.0
2020-03-25,0.0
2020-03-26,0.0
2020-03-27,0.0
2020-03-30,0.0
2020-03-31,0.0
2020-04-01,0.0
2020-04-02,0.0
2020-04-03,0.0
2020-04-06,0.0
2020-04-07,0.0
2020-04-08,0.0
2020-04-09,0.0
2020-04-13,0.0
2020-04-14,0.0
2020-04-15,0.0
2020-04-16,0.0
2020-04-17,0.0
2020-04-20,0.0
2020-04-21,0.0
2020-04-22,0.0
2020-04-23,0.0
2020-04-24,0.0
2020-04-27,0.0
2020-04-28,0.0
2020-04-29,0.0
2020-04-30,0.0
2020-05-01,0.0
2020-05-04,0.0
2020-05-05,0.0
2020-05-06,0.0
2020-05-07,0.0
2020-05-08,0.0
2020-05-11,0.0
2020-05-12,0.0
2020-05-13,0.0
2020-05-14,0.0
2020-05-15,0.0
2020-05-18,0.0
2020-05-19,210.44000000000005
2020-05-20,472.94000000000005
2020-05-21,-1652.06
2020-05-22,-277.05999999999995
2020-05-25,136.47000000000003
2020-05-26,-1.0299999999999727
2020-05-27,48.97000000000003
2020-05-28,23.970000000000027
2020-05-29,836.47
2020-06-01,-301.03
2020-06-02,-113.52999999999997
2020-06-03,-213.52999999999997
2020-06-04,-1551.03
2020-06-05,-376.03
2020-06-08,-13.529999999999996
2020-06-09,723.97
2020-06-10,-113.52999999999997
2020-06-11,-3813.5299999999997
2020-06-12,2961.47
2020-06-15,1123.97
2020-06-16,4448.969999999999
2020-06-17,198.97
2020-06-18,-1238.53
2020-06-19,-688.53
2020-06-22,0.0
2020-06-23,0.0
2020-06-24,0.0
2020-06-25,0.0
2020-06-26,0.0
2020-06-29,0.0
2020-06-30,0.0
2020-07-01,0.0
2020-07-02,0.0
2020-07-03,0.0
2020-07-06,0.0
2020-07-07,0.0
2020-07-08,0.0
2020-07-09,0.0
2020-07-10,0.0
2020-07-13,0.0
2020-07-14,0.0
2020-07-15,0.0
2020-07-16,0.0
2020-07-17,0.0
2020-07-20,0.0
2020-07-21,0.0
2020-07-22,0.0
2020-07-23,0.0
2020-07-24,0.0
2020-07-27,0.0
2020-07-28,0.0
2020-07-29,0.0
2020-07-30,0.0
2020-07-31,0.0
2020-08-03,0.0
2020-08-04,0.0
2020-08-05,0.0
2020-08-06,0.0
2020-08-07,0.0
2020-08-10,0.0
2020-08-11,0.0
2020-08-12,0.0
2020-08-13,0.0
2020-08-14,0.0
2020-08-17,-113.53
2020-08-18,73.97000000000003
2020-08-19,-351.03
2020-08-20,211.47000000000003
2020-08-21,-113.52999999999997
2020-08-24,-176.02999999999997
2020-08-25,-238.52999999999997
2020-08-26,311.47
2020-08-27,-1476.03
2020-08-28,111.47000000000003
2020-08-31,-539.56
2020-09-01,135.44000000000005
2020-09-02,1810.44
2020-09-03,-5389.56
2020-09-04,-2339.5600000000004
2020-09-07,-201.02999999999997
2020-09-08,-513.53
2020-09-09,223.97000000000003
2020-09-10,1148.97
2020-09-11,-2026.03
2020-09-14,-313.53
2020-09-15,-351.03
2020-09-16,673.97
2020-09-17,-888.53
2020-09-18,1623.97
2020-09-21,0.0
2020-09-22,0.0
2020-09-23,0.0
2020-09-24,0.0
2020-09-25,0.0
2020-09-28,0.0
2020-09-29,0.0
2020-09-30,0.0
2020-10-01,0.0
2020-10-02,0.0
2020-10-05,0.0
2020-10-06,0.0
2020-10-07,0.0
2020-10-08,0.0
2020-10-09,0.0
2020-10-12,0.0
2020-10-13,0.0
2020-10-14,0.0
2020-10-15,0.0
2020-10-16,0.0
2020-10-19,0.0
2020-10-20,0.0
2020-10-21,0.0
2020-10-22,0.0
2020-10-23,0.0
2020-10-26,0.0
2020-10-27,0.0
2020-10-28,0.0
2020-10-29,0.0
2020-10-30,0.0
2020-11-02,0.0
2020-11-03,0.0
2020-11-04,0.0
2020-11-05,0.0
2020-11-06,0.0
2020-11-09,0.0
2020-11-10,0.0
2020-11-11,0.0
2020-11-12,0.0
2020-11-13,0.0
2020-11-16,-2627.06
2020-11-17,-877.06
2020-11-18,697.94
2020-11-19,-402.05999999999995
2020-11-20,672.94
2020-11-23,-164.55999999999995
2020-11-24,-102.06
2020-11-25,-39.559999999999945
2020-11-26,-388.53
2020-11-27,-426.03
2020-11-30,773.97
2020-12-01,-113.53
2020-12-02,123.97000000000003
2020-12-03,-213.52999999999997
2020-12-04,-476.03
2020-12-07,248.97
2020-12-08,-276.03
2020-12-09,848.97
2020-12-10,-813.53
2020-12-11,-288.53
2020-12-14,923.97
2020-12-15,-551.03
2020-12-16,123.97000000000001
2020-12-17,-126.03
2020-12-18,-763.53
2020-12-21,0.0
2020-12-22,0.0
2020-12-23,0.0
2020-12-24,0.0
2020-12-28,0.0
2020-12-29,0.0
2020-12-30,0.0
2020-12-31,0.0
2021-01-04,0.0
2021-01-05,0.0
2021-01-06,0.0
2021-01-07,0.0
2021-01-08,0.0
2021-01-11,0.0
2021-01-12,0.0
2021-01-13,0.0
2021-01-14,0.0
2021-01-15,0.0
2021-01-18,0.0
2021-01-19,0.0
2021-01-20,0.0
2021-01-21,0.0
2021-01-22,0.0
2021-01-25,0.0
2021-01-26,0.0
2021-01-27,0.0
2021-01-28,0.0
2021-01-29,0.0
2021-02-01,0.0
2021-02-02,0.0
2021-02-03,0.0
2021-02-04,0.0
2021-02-05,0.0
2021-02-08,0.0
2021-02-09,0.0
2021-02-10,0.0
2021-02-11,0.0
2021-02-12,0.0
2021-02-15,0.0
2021-02-16,0.0
2021-02-17,511.47
2021-02-18,-363.53
2021-02-19,-588.53
2021-02-22,-501.03
2021-02-23,1448.97
2021-02-24,386.47
2021-02-25,-1463.53
2021-02-26,-501.03
2021-03-01,486.47
2021-03-02,186.47000000000003
2021-03-03,-301.03
2021-03-04,-3126.03
2021-03-05,-2913.5299999999997
2021-03-08,2686.4700000000003
2021-03-09,336.47
2021-03-10,-888.53
2021-03-11,111.47000000000001
2021-03-12,-813.53
2021-03-15,873.97
2021-03-16,-126.03
2021-03-17,-701.03
2021-03-18,148.97000000000003
2021-03-19,11.470000000000027
2021-03-22,0.0
2021-03-23,0.0
2021-03-24,0.0
2021-03-25,0.0
2021-03-26,0.0
2021-03-29,0.0
2021-03-30,0.0
2021-03-31,0.0
2021-04-01,0.0
2021-04-02,0.0
2021-04-05,0.0
2021-04-06,0.0
2021-04-07,0.0
2021-04-08,0.0
2021-04-09,0.0
2021-04-12,0.0
2021-04-13,0.0
2021-04-14,0.0
2021-04-15,0.0
2021-04-16,0.0
2021-04-19,0.0
2021-04-20,0.0
2021-04-21,0.0
2021-04-22,0.0
2021-04-23,0.0
2021-04-26,0.0
2021-04-27,0.0
2021-04-28,0.0
2021-04-29,0.0
2021-04-30,0.0
2021-05-03,0.0
2021-05-04,0.0
2021-05-05,0.0
2021-05-06,0.0
2021-05-07,0.0
2021-05-10,0.0
2021-05-11,0.0
2021-05-12,0.0
2021-05-13,0.0
2021-05-14,0.0
2021-05-17,0.0
2021-05-18,0.0
2021-05-19,0.0
2021-05-20,0.0
2021-05-21,0.0
2021-05-24,0.0
2021-05-25,0.0
2021-05-26,0.0
2021-05-27,0.0
2021-05-28,0.0
2021-05-31,-176.03000000000003
2021-06-01,648.97
2021-06-02,-363.53
2021-06-03,-1201.03
2021-06-04,-526.03
2021-06-07,-51.02999999999999
2021-06-08,-413.53
2021-06-09,-151.02999999999997
2021-06-10,1536.47
2021-06-11,136.47
2021-06-14,-63.52999999999999
2021-06-15,323.97
2021-06-16,-376.03
2021-06-17,-313.53
2021-06-18,723.97
2021-06-21,0.0
2021-06-22,0.0
2021-06-23,0.0
2021-06-24,0.0
2021-06-25,0.0
2021-06-28,0.0
2021-06-29,0.0
2021-06-30,0.0
2021-07-01,0.0
2021-07-02,0.0
2021-07-05,0.0
2021-07-06,0.0
2021-07-07,0.0
2021-07-08,0.0
2021-07-09,0.0
2021-07-12,0.0
2021-07-13,0.0
2021-07-14,0.0
2021-07-15,0.0
2021-07-16,0.0
2021-07-19,0.0
2021-07-20,0.0
2021-07-21,0.0
2021-07-22,0.0
2021-07-23,0.0
2021-07-26,0.0
2021-07-27,0.0
2021-07-28,0.0
2021-07-29,0.0
2021-07-30,0.0
2021-08-02,0.0
2021-08-03,0.0
2021-08-04,0.0
2021-08-05,0.0
2021-08-06,0.0
2021-08-09,0.0
2021-08-10,0.0
2021-08-11,0.0
2021-08-12,0.0
2021-08-13,0.0
2021-08-16,661.47
2021-08-17,-1413.53
2021-08-18,-163.53
2021-08-19,-13.529999999999987
2021-08-20,-188.52999999999997
2021-08-23,823.97
2021-08-24,-138.53
2021-08-25,398.97
2021-08-26,-326.03
2021-08-27,1123.97
2021-08-30,573.97
2021-08-31,522.94
2021-09-01,172.94000000000005
2021-09-02,222.94000000000005
2021-09-03,-264.55999999999995
2021-09-06,-251.02999999999997
2021-09-07,111.47000000000003
2021-09-08,-588.53
2021-09-09,-701.03
2021-09-10,-376.03
2021-09-13,-1338.53
2021-09-14,-713.53
2021-09-15,861.47
2021-09-16,-176.02999999999997
2021-09-17,-476.03
2021-09-20,0.0
2021-09-21,0.0
2021-09-22,0.0
2021-09-23,0.0
2021-09-24,0.0
2021-09-27,0.0
2021-09-28,0.0
2021-09-29,0.0
2021-09-30,0.0
2021-10-01,0.0
2021-10-04,0.0
2021-10-05,0.0
2021-10-06,0.0
2021-10-07,0.0
2021-10-08,0.0
2021-10-11,0.0
2021-10-12,0.0
2021-10-13,0.0
2021-10-14,0.0
2021-10-15,0.0
2021-10-18,0.0
2021-10-19,0.0
2021-10-20,0.0
2021-10-21,0.0
2021-10-22,0.0
2021-10-25,0.0
2021-10-26,0.0
2021-10-27,0.0
2021-10-28,0.0
2021-10-29,0.0
2021-11-01,0.0
2021-11-02,0.0
2021-11-03,0.0
2021-11-04,0.0
2021-11-05,0.0
2021-11-08,0.0
2021-11-09,0.0
2021-11-10,0.0
2021-11-11,0.0
2021-11-12,0.0
2021-11-15,-414.56
2021-11-16,585.44
2021-11-17,1410.44
2021-11-18,197.94000000000005
2021-11-19,-652.06
2021-11-22,910.4399999999998
2021-11-23,-302.05999999999995
2021-11-24,-1139.56
2021-11-25,-176.03
2021-11-26,-1463.53
2021-11-29,-426.03
2021-11-30,-2563.53
2021-12-01,-363.53
2021-12-02,836.47
2021-12-03,261.47
2021-12-06,-476.03
2021-12-07,-601.03
2021-12-08,1023.97
2021-12-09,298.97
2021-12-10,561.47
2021-12-13,298.97
2021-12-14,1436.47
2021-12-15,473.97
2021-12-16,-276.03
2021-12-17,-363.53
2021-12-20,0.0
2021-12-21,0.0
2021-12-22,0.0
2021-12-23,0.0
2021-12-27,0.0
2021-12-28,0.0
2021-12-29,0.0
2021-12-30,0.0
2021-12-31,0.0
2022-01-03,0.0
2022-01-04,0.0
2022-01-05,0.0
2022-01-06,0.0
2022-01-07,0.0
2022-01-10,0.0
2022-01-11,0.0
2022-01-12,0.0
2022-01-13,0.0
2022-01-14,0.0
2022-01-17,0.0
2022-01-18,0.0
2022-01-19,0.0
2022-01-20,0.0
2022-01-21,0.0
2022-01-24,0.0
2022-01-25,0.0
2022-01-26,0.0
2022-01-27,0.0
2022-01-28,0.0
2022-01-31,0.0
2022-02-01,0.0
2022-02-02,0.0
2022-02-03,0.0
2022-02-04,0.0
2022-02-07,0.0
2022-02-08,0.0
2022-02-09,0.0
2022-02-10,0.0
2022-02-11,0.0
2022-02-14,0.0
2022-02-15,86.47000000000003
2022-02-16,711.47
2022-02-17,148.97
2022-02-18,598.97
2022-02-21,-338.53
2022-02-22,1748.97
2022-02-23,2161.4700000000003
2022-02-24,1148.97
2022-02-25,-301.0300000000002
2022-02-28,1673.97
2022-03-01,-1263.53
2022-03-02,386.47
2022-03-03,2223.97
2022-03-04,573.97
2022-03-07,923.97
2022-03-08,-4701.030000000001
2022-03-09,-1451.03
2022-03-10,1561.47
2022-03-11,-1101.03
2022-03-14,-2213.5299999999997
2022-03-15,-963.53
2022-03-16,-251.02999999999997
2022-03-17,-901.03
2022-03-18,-826.03
2022-03-21,0.0
2022-03-22,0.0
2022-03-23,0.0
2022-03-24,0.0
2022-03-25,0.0
2022-03-28,0.0
2022-03-29,0.0
2022-03-30,0.0
2022-03-31,0.0
2022-04-01,0.0
2022-04-04,0.0
2022-04-05,0.0
2022-04-06,0.0
2022-04-07,0.0
2022-04-08,0.0
2022-04-11,0.0
2022-04-12,0.0
2022-04-13,0.0
2022-04-14,0.0
2022-04-18,0.0
2022-04-19,0.0
2022-04-20,0.0
2022-04-21,0.0
2022-04-22,0.0
2022-04-25,0.0
2022-04-26,0.0
2022-04-27,0.0
2022-04-28,0.0
2022-04-29,0.0
2022-05-02,0.0
2022-05-03,0.0
2022-05-04,0.0
2022-05-05,0.0
2022-05-06,0.0
2022-05-09,0.0
2022-05-10,0.0
2022-05-11,0.0
2022-05-12,0.0
2022-05-13,0.0
2022-05-16,0.0
2022-05-17,235.44000000000005
2022-05-18,4010.4399999999996
2022-05-19,-4814.5599999999995
2022-05-20,-1777.0600000000004
2022-05-23,-2364.56
2022-05-24,747.94
2022-05-25,-1827.06
2022-05-26,-2539.56
2022-05-27,722.94
2022-05-30,-376.03
2022-05-31,-2088.5299999999997
2022-06-01,3698.9700000000003
2022-06-02,-1151.03
2022-06-03,2123.9700000000003
2022-06-06,-38.52999999999997
2022-06-07,-763.53
2022-06-08,-901.03
2022-06-09,1498.97
2022-06-10,898.97
2022-06-13,648.97
2022-06-14,673.97
2022-06-15,-151.02999999999997
2022-06-16,298.97
2022-06-17,2161.47
2022-06-20,0.0
2022-06-21,0.0
2022-06-22,0.0
2022-06-23,0.0
2022-06-24,0.0
2022-06-27,0.0
2022-06-28,0.0
2022-06-29,0.0
2022-06-30,0.0
2022-07-01,0.0
2022-07-04,0.0
2022-07-05,0.0
2022-07-06,0.0
2022-07-07,0.0
2022-07-08,0.0
2022-07-11,0.0
2022-07-12,0.0
2022-07-13,0.0
2022-07-14,0.0
2022-07-15,0.0
2022-07-18,0.0
2022-07-19,0.0
2022-07-20,0.0
2022-07-21,0.0
2022-07-22,0.0
2022-07-25,0.0
2022-07-26,0.0
2022-07-27,0.0
2022-07-28,0.0
2022-07-29,0.0
2022-08-01,0.0
2022-08-02,0.0
2022-08-03,0.0
2022-08-04,0.0
2022-08-05,0.0
2022-08-08,0.0
2022-08-09,0.0
2022-08-10,0.0
2022-08-11,0.0
2022-08-12,0.0
2022-08-15,-1376.03
2022-08-16,-2088.5299999999997
2022-08-17,-326.03
2022-08-18,73.97000000000003
2022-08-19,-26.029999999999973
2022-08-22,-613.53
2022-08-23,-501.03
2022-08-24,298.97
2022-08-25,-563.53
2022-08-26,-4538.530000000001
2022-08-29,823.97
2022-08-30,-2052.06
2022-08-31,-1477.06
2022-09-01,-1452.06
2022-09-02,5772.94
2022-09-05,-26.029999999999987
2022-09-06,1636.47
2022-09-07,648.97
2022-09-08,1786.47
2022-09-09,461.47
2022-09-12,-1463.53
2022-09-13,-1888.53
2022-09-14,-1001.03
2022-09-15,1061.47
2022-09-16,161.47000000000003
2022-09-19,0.0
2022-09-20,0.0
2022-09-21,0.0
2022-09-22,0.0
2022-09-23,0.0
2022-09-26,0.0
2022-09-27,0.0
2022-09-28,0.0
2022-09-29,0.0
2022-09-30,0.0
2022-10-03,0.0
2022-10-04,0.0
2022-10-05,0.0
2022-10-06,0.0
2022-10-07,0.0
2022-10-10,0.0
2022-10-11,0.0
2022-10-12,0.0
2022-10-13,0.0
2022-10-14,0.0
2022-10-17,0.0
2022-10-18,0.0
2022-10-19,0.0
2022-10-20,0.0
2022-10-21,0.0
2022-10-24,0.0
2022-10-25,0.0
2022-10-26,0.0
2022-10-27,0.0
2022-10-28,0.0
2022-10-31,0.0
2022-11-01,0.0
2022-11-02,0.0
2022-11-03,0.0
2022-11-04,0.0
2022-11-07,0.0
2022-11-08,0.0
2022-11-09,0.0
2022-11-10,0.0
2022-11-11,0.0
2022-11-14,147.94000000000005
2022-11-15,3185.44
2022-11-16,1322.94
2022-11-17,-489.55999999999995
2022-11-18,-139.55999999999995
2022-11-21,-2164.56
2022-11-22,-214.55999999999995
2022-11-23,-589.56
2022-11-24,61.46999999999999
2022-11-25,48.96999999999999
2022-11-28,61.47000000000003
2022-11-29,-738.53
2022-11-30,386.47
2022-12-01,-1513.53
2022-12-02,1386.47
2022-12-05,-976.03
2022-12-06,-638.53
2022-12-07,23.970000000000027
2022-12-08,23.970000000000013
2022-12-09,873.97
2022-12-12,-776.03
2022-12-13,-301.0300000000002
2022-12-14,486.47
2022-12-15,436.47
2022-12-16,-538.53
2022-12-19,0.0
2022-12-20,0.0
2022-12-21,0.0
2022-12-22,0.0
2022-12-23,0.0
2022-12-27,0.0
2022-12-28,0.0
2022-12-29,0.0
2022-12-30,0.0
2023-01-03,0.0
2023-01-04,0.0
2023-01-05,0.0
2023-01-06,0.0
2023-01-09,0.0
2023-01-10,0.0
2023-01-11,0.0
2023-01-12,0.0
2023-01-13,0.0
2023-01-16,0.0
2023-01-17,0.0
2023-01-18,0.0
2023-01-19,0.0
2023-01-20,0.0
2023-01-23,0.0
2023-01-24,0.0
2023-01-25,0.0
2023-01-26,0.0
2023-01-27,0.0
2023-01-30,0.0
2023-01-31,0.0
2023-02-01,0.0
2023-02-02,0.0
2023-02-03,0.0
2023-02-06,0.0
2023-02-07,0.0
2023-02-08,0.0
2023-02-09,0.0
2023-02-10,0.0
2023-02-13,0.0
2023-02-14,0.0
2023-02-15,523.97
2023-02-16,1573.97
2023-02-17,-226.03
2023-02-20,-263.53
2023-02-21,-901.03
2023-02-22,111.47000000000003
2023-02-23,-2238.5299999999997
2023-02-24,-26.029999999999973
2023-02-27,-888.53
2023-02-28,673.97
2023-03-01,-363.53
2023-03-02,511.47
2023-03-03,1123.97
2023-03-06,-51.02999999999997
2023-03-07,-2126.0299999999997
2023-03-08,-101.02999999999997
2023-03-09,-701.03
2023-03-10,-2851.0299999999997
2023-03-13,-2901.0299999999997
2023-03-14,-888.53
2023-03-15,198.97000000000003
2023-03-16,1936.47
2023-03-17,-1338.53
2023-03-20,0.0
2023-03-21,0.0
2023-03-22,0.0
2023-03-23,0.0
2023-03-24,0.0
2023-03-27,0.0
2023-03-28,0.0
2023-03-29,0.0
2023-03-30,0.0
2023-03-31,0.0
2023-04-03,0.0
2023-04-04,0.0
2023-04-05,0.0
2023-04-06,0.0
2023-04-07,0.0
2023-04-10,0.0
2023-04-11,0.0
2023-04-12,0.0
2023-04-13,0.0
2023-04-14,0.0
2023-04-17,0.0
2023-04-18,0.0
2023-04-19,0.0
2023-04-20,0.0
2023-04-21,0.0
2023-04-24,0.0
2023-04-25,0.0
2023-04-26,0.0
2023-04-27,0.0
2023-04-28,0.0
2023-05-01,0.0
2023-05-02,0.0
2023-05-03,0.0
2023-05-04,0.0
2023-05-05,0.0
2023-05-08,0.0
2023-05-09,0.0
2023-05-10,0.0
2023-05-11,0.0
2023-05-12,0.0
2023-05-15,0.0
2023-05-16,0.0
2023-05-17,0.0
2023-05-18,0.0
2023-05-19,0.0
2023-05-22,0.0
2023-05-23,0.0
2023-05-24,0.0
2023-05-25,0.0
2023-05-26,0.0
2023-05-29,0.0
2023-05-30,0.0
2023-05-31,0.0
2023-06-01,0.0
2023-06-02,0.0
2023-06-05,248.97000000000003
2023-06-06,-1438.53
2023-06-07,348.97
2023-06-08,-501.03
2023-06-09,-788.53
2023-06-12,623.97
2023-06-13,236.47000000000003
2023-06-14,173.97000000000003
2023-06-15,998.97
2023-06-16,111.47000000000003
2023-06-19,0.0
2023-06-20,0.0
2023-06-21,0.0
2023-06-22,0.0
2023-06-23,0.0
2023-06-26,0.0
2023-06-27,0.0
2023-06-28,0.0
2023-06-29,0.0
2023-06-30,0.0
2023-07-03,0.0
2023-07-04,0.0
2023-07-05,0.0
2023-07-06,0.0
2023-07-07,0.0
2023-07-10,0.0
2023-07-11,0.0
2023-07-12,0.0
2023-07-13,0.0
2023-07-14,0.0
2023-07-17,0.0
2023-07-18,0.0
2023-07-19,0.0
2023-07-20,0.0
2023-07-21,0.0
2023-07-24,0.0
2023-07-25,0.0
2023-07-26,0.0
2023-07-27,0.0
2023-07-28,0.0
2023-07-31,0.0
2023-08-01,0.0
2023-08-02,0.0
2023-08-03,0.0
2023-08-04,0.0
2023-08-07,0.0
2023-08-08,0.0
2023-08-09,0.0
2023-08-10,0.0
2023-08-11,0.0
2023-08-14,-1126.03
2023-08-15,673.97
2023-08-16,-1413.53
2023-08-17,423.97
2023-08-18,-76.02999999999997
2023-08-21,1223.97
2023-08-22,-688.53
2023-08-23,-713.53
2023-08-24,1198.97
2023-08-25,3586.4700000000003
2023-08-28,473.97
2023-08-29,36.47000000000003
2023-08-30,1185.44
2023-08-31,-1127.06
2023-09-01,47.940000000000055
2023-09-04,636.47
2023-09-05,-251.02999999999997
2023-09-06,311.47
2023-09-07,-163.52999999999997
2023-09-08,-26.030000000000015
2023-09-11,361.47
2023-09-12,1186.47
2023-09-13,-13.530000000000003
2023-09-14,211.47000000000003
2023-09-15,1148.97
2023-09-18,0.0
2023-09-19,0.0
2023-09-20,0.0
2023-09-21,0.0
2023-09-22,0.0
2023-09-25,0.0
2023-09-26,0.0
2023-09-27,0.0
2023-09-28,0.0
2023-09-29,0.0
2023-10-02,0.0
2023-10-03,0.0
2023-10-04,0.0
2023-10-05,0.0
2023-10-06,0.0
2023-10-09,0.0
2023-10-10,0.0
2023-10-11,0.0
2023-10-12,0.0
2023-10-13,0.0
2023-10-16,0.0
2023-10-17,0.0
2023-10-18,0.0
2023-10-19,0.0
2023-10-20,0.0
2023-10-23,0.0
2023-10-24,0.0
2023-10-25,0.0
2023-10-26,0.0
2023-10-27,0.0
2023-10-30,0.0
2023-10-31,0.0
2023-11-01,0.0
2023-11-02,0.0
2023-11-03,0.0
2023-11-06,0.0
2023-11-07,0.0
2023-11-08,0.0
2023-11-09,0.0
2023-11-10,0.0
2023-11-13,447.94000000000005
2023-11-14,47.940000000000055
2023-11-15,-1314.56
2023-11-16,285.44000000000005
2023-11-17,-452.05999999999995
2023-11-20,-789.56
2023-11-21,-202.06
2023-11-22,285.44000000000005
2023-11-23,-313.53
2023-11-24,-326.03
2023-11-27,-176.03
2023-11-28,111.47000000000003
2023-11-29,-1563.53
2023-11-30,-938.53
2023-12-01,498.97
2023-12-04,-476.03
2023-12-05,111.47000000000003
2023-12-06,-251.02999999999997
2023-12-07,723.97
2023-12-08,-488.53
2023-12-11,-251.02999999999997
2023-12-12,436.47
2023-12-13,48.97000000000002
2023-12-14,-138.52999999999997
2023-12-15,748.97
2023-12-18,0.0
2023-12-19,0.0
2023-12-20,0.0
2023-12-21,0.0
2023-12-22,0.0
2023-12-26,0.0
2023-12-27,0.0
2023-12-28,0.0
2023-12-29,0.0
2024-01-02,0.0
2024-01-03,0.0
2024-01-04,0.0
2024-01-05,0.0
2024-01-08,0.0
2024-01-09,0.0
2024-01-10,0.0
2024-01-11,0.0
2024-01-12,0.0
2024-01-15,0.0
2024-01-16,0.0
2024-01-17,0.0
2024-01-18,0.0
2024-01-19,0.0
2024-01-22,0.0
2024-01-23,0.0
2024-01-24,0.0
2024-01-25,0.0
2024-01-26,0.0
2024-01-29,0.0
2024-01-30,0.0
2024-01-31,0.0
2024-02-01,0.0
2024-02-02,0.0
2024-02-05,0.0
2024-02-06,0.0
2024-02-07,0.0
2024-02-08,0.0
2024-02-09,0.0
2024-02-12,0.0
2024-02-13,0.0
2024-02-14,-438.53
2024-02-15,-51.03
2024-02-16,-276.03
2024-02-19,136.47
2024-02-20,-1038.53
2024-02-21,36.47000000000003
2024-02-22,911.47
2024-02-23,-638.53
2024-02-26,173.97000000000003
2024-02-27,-626.03
2024-02-28,198.97000000000003
2024-02-29,-1363.53
2024-03-01,1286.47
2024-03-04,-51.03
2024-03-05,611.47
2024-03-06,86.47000000000003
2024-03-07,-463.53
2024-03-08,-2701.0299999999997
2024-03-11,520.49
2024-03-12,1973.97
2024-03-13,61.47
2024-03-14,998.97
2024-03-15,461.47
2024-03-18,0.0
2024-03-19,0.0
2024-03-20,0.0
2024-03-21,0.0
2024-03-22,0.0
2024-03-25,0.0
2024-03-26,0.0
2024-03-27,0.0
2024-03-28,0.0
2024-04-01,0.0
2024-04-02,0.0
2024-04-03,0.0
2024-04-04,0.0
2024-04-05,0.0
2024-04-08,0.0
2024-04-09,0.0
2024-04-10,0.0
2024-04-11,0.0
2024-04-12,0.0
2024-04-15,0.0
2024-04-16,0.0
2024-04-17,0.0
2024-04-18,0.0
2024-04-19,0.0
2024-04-22,0.0
2024-04-23,0.0
2024-04-24,0.0
2024-04-25,0.0
2024-04-26,0.0
2024-04-29,0.0
2024-04-30,0.0
2024-05-01,0.0
2024-05-02,0.0
2024-05-03,0.0
2024-05-06,0.0
2024-05-07,0.0
2024-05-08,0.0
2024-05-09,0.0
2024-05-10,0.0
2024-05-13,0.0
2024-05-14,-977.06
2024-05-15,-402.05999999999995
2024-05-16,-264.55999999999995
2024-05-17,-664.56
2024-05-20,-414.56
2024-05-21,-327.05999999999995
2024-05-22,-214.55999999999995
2024-05-23,-2564.56
2024-05-24,-989.56
2024-05-27,-776.03
2024-05-28,-163.53
2024-05-29,-1013.53
2024-05-30,173.97000000000003
2024-05-31,548.97
2024-06-03,1998.97
2024-06-04,-88.52999999999997
2024-06-05,-1388.53
2024-06-06,48.97000000000003
2024-06-07,-1263.53
2024-06-10,-963.53
2024-06-11,1473.97
2024-06-12,48.97000000000003
2024-06-13,-1351.03
2024-06-14,-126.02999999999997
2024-06-17,861.47
2024-06-18,-651.03
2024-06-19,-188.53
2024-06-20,-1301.03
2024-06-21,-413.53
2024-06-24,0.0
2024-06-25,0.0
2024-06-26,0.0
2024-06-27,0.0
2024-06-28,0.0
2024-07-01,0.0
2024-07-02,0.0
2024-07-03,0.0
2024-07-04,0.0
2024-07-05,0.0
2024-07-08,0.0
2024-07-09,0.0
2024-07-10,0.0
2024-07-11,0.0
2024-07-12,0.0
2024-07-15,0.0
2024-07-16,0.0
2024-07-17,0.0
2024-07-18,0.0
2024-07-19,0.0
2024-07-22,0.0
2024-07-23,0.0
2024-07-24,0.0
2024-07-25,0.0
2024-07-26,0.0
2024-07-29,0.0
2024-07-30,0.0
2024-07-31,0.0
2024-08-01,0.0
2024-08-02,0.0
2024-08-05,0.0
2024-08-06,0.0
2024-08-07,0.0
2024-08-08,0.0
2024-08-09,0.0
2024-08-12,0.0
2024-08-13,0.0
2024-08-14,0.0
2024-08-15,0.0
2024-08-16,0.0
2024-08-19,-1576.03
2024-08-20,-213.52999999999997
2024-08-21,-326.03
2024-08-22,-651.03
2024-08-23,-563.53
2024-08-26,2236.4700000000003
2024-08-27,-451.03
2024-08-28,1286.47
2024-08-29,-438.53
2024-08-30,-1077.06
2024-09-02,-401.03
2024-09-03,1273.97
2024-09-04,498.97
2024-09-05,2798.9700000000003
2024-09-06,3361.47
2024-09-09,311.47
2024-09-10,2273.9700000000003
2024-09-11,1448.97
2024-09-12,836.47
2024-09-13,-1201.03
2024-09-16,698.97
2024-09-17,-1988.53
2024-09-18,1611.47
2024-09-19,48.97000000000003
2024-09-20,611.47
2024-09-23,0.0
2024-09-24,0.0
2024-09-25,0.0
2024-09-26,0.0
2024-09-27,0.0
2024-09-30,0.0
2024-10-01,0.0
2024-10-02,0.0
2024-10-03,0.0
2024-10-04,0.0
2024-10-07,0.0
2024-10-08,0.0
2024-10-09,0.0
2024-10-10,0.0
2024-10-11,0.0
2024-10-14,0.0
2024-10-15,0.0
2024-10-16,0.0
2024-10-17,0.0
2024-10-18,0.0
2024-10-21,0.0
2024-10-22,0.0
2024-10-23,0.0
2024-10-24,0.0
2024-10-25,0.0
2024-10-28,0.0
2024-10-29,0.0
2024-10-30,0.0
2024-10-31,0.0
2024-11-01,0.0
2024-11-04,0.0
2024-11-05,0.0
2024-11-06,0.0
2024-11-07,0.0
2024-11-08,0.0
2024-11-11,0.0
2024-11-12,0.0
2024-11-13,0.0
2024-11-14,0.0
2024-11-15,0.0
2024-11-18,-1439.56
2024-11-19,-2214.56
2024-11-20,2922.94
2024-11-21,-764.56
2024-11-22,-864.56
2024-11-25,-1164.56
2024-11-26,222.94000000000003
2024-11-27,-1739.56
2024-11-28,-113.53000000000002
2024-11-29,836.47
2024-12-02,261.47
2024-12-03,111.47000000000003
2024-12-04,148.97
2024-12-05,223.97000000000003
2024-12-06,-926.03
2024-12-09,311.47
2024-12-10,48.97000000000003
2024-12-11,536.47
2024-12-12,-401.03
2024-12-13,-2063.5299999999997
2024-12-16,-288.53
2024-12-17,573.97
2024-12-18,-1063.53
2024-12-19,-938.53
2024-12-20,6348.969999999999
2024-12-23,0.0
2024-12-24,0.0
2024-12-26,0.0
2024-12-27,0.0
2024-12-30,0.0
2024-12-31,0.0
2025-01-02,0.0
2025-01-03,0.0
2025-01-06,0.0
2025-01-07,0.0
2025-01-08,0.0
2025-01-09,0.0
2025-01-10,0.0
2025-01-13,0.0
2025-01-14,0.0
2025-01-15,0.0
2025-01-16,0.0
2025-01-17,0.0
2025-01-20,0.0
2025-01-21,0.0
2025-01-22,0.0
2025-01-23,0.0
2025-01-24,0.0
2025-01-27,0.0
2025-01-28,0.0
2025-01-29,0.0
2025-01-30,0.0
2025-01-31,0.0
2025-02-03,0.0
2025-02-04,0.0
2025-02-05,0.0
2025-02-06,0.0
2025-02-07,0.0
2025-02-10,0.0
2025-02-11,0.0
2025-02-12,0.0
2025-02-13,0.0
2025-02-14,0.0
2025-02-17,0.0
2025-02-18,0.0
2025-02-19,0.0
2025-02-20,0.0
2025-02-21,0.0
2025-02-24,0.0
2025-02-25,0.0
2025-02-26,0.0
2025-02-27,0.0
2025-02-28,0.0
2025-03-03,0.0
2025-03-04,0.0
2025-03-05,0.0
2025-03-06,0.0
2025-03-07,1848.97
2025-03-10,-2138.5299999999997
2025-03-11,-5263.530000000001
2025-03-12,-3788.53
2025-03-13,-2376.03
2025-03-14,-1901.03
2025-03-17,311.47
2025-03-18,-38.52999999999997
2025-03-19,-1426.03
2025-03-20,-976.03
2025-03-21,-2026.0300000000002
2025-03-24,0.0
2025-03-25,0.0
2025-03-26,0.0
2025-03-27,0.0
2025-03-28,0.0
2025-03-31,0.0
2025-04-01,0.0
2025-04-02,0.0
2025-04-03,0.0
2025-04-04,0.0
2025-04-07,0.0
2025-04-08,0.0
2025-04-09,0.0
2025-04-10,0.0
2025-04-11,0.0
2025-04-14,0.0
2025-04-15,0.0
2025-04-16,0.0
2025-04-17,0.0
2025-04-21,0.0
2025-04-22,0.0
2025-04-23,0.0
2025-04-24,0.0
2025-04-25,0.0
2025-04-28,0.0
2025-04-29,0.0
2025-04-30,0.0
2025-05-01,0.0
2025-05-02,0.0
2025-05-05,0.0
2025-05-06,0.0
2025-05-07,0.0
2025-05-08,0.0
2025-05-09,0.0
2025-05-12,0.0
2025-05-13,0.0
2025-05-14,0.0
2025-05-15,0.0
2025-05-16,0.0
2025-05-19,0.0
2025-05-20,1697.94
2025-05-21,-2577.06
2025-05-22,-2577.06
2025-05-23,197.94000000000005
2025-05-26,-963.53
2025-05-27,911.47
2025-05-28,-226.02999999999997
2025-05-29,2948.9700000000003
2025-05-30,-2351.0299999999997
2025-06-02,1111.47
2025-06-03,648.97
2025-06-04,173.97000000000003
2025-06-05,-1363.5300000000002
2025-06-06,-826.03
2025-06-09,786.47
2025-06-10,523.97
2025-06-11,-188.52999999999997
2025-06-12,748.97
2025-06-13,1498.97
2025-06-16,-251.02999999999997
2025-06-17,-613.53
2025-06-18,86.47000000000003
2025-06-19,-88.52999999999997
2025-06-20,-1113.53
2025-06-23,0.0
2025-06-24,0.0
2025-06-25,0.0
2025-06-26,0.0
2025-06-27,0.0
2025-06-30,0.0
2025-07-01,0.0
2025-07-02,0.0
2025-07-03,0.0
2025-07-04,0.0
2025-07-07,0.0
2025-07-08,0.0
2025-07-09,0.0
2025-07-10,0.0
2025-07-11,0.0
2025-07-14,0.0
2025-07-15,0.0
2025-07-16,0.0
2025-07-17,0.0
2025-07-18,0.0
2025-07-21,0.0
2025-07-22,0.0
2025-07-23,0.0
2025-07-24,0.0
2025-07-25,0.0
2025-07-28,0.0
2025-07-29,0.0
2025-07-30,0.0
2025-07-31,0.0
2025-08-01,0.0
2025-08-04,0.0
2025-08-05,0.0
2025-08-06,0.0
2025-08-07,0.0
2025-08-08,0.0
2025-08-11,0.0
2025-08-12,0.0
2025-08-13,0.0
2025-08-14,0.0
2025-08-15,0.0
2025-08-18,-488.53
2025-08-19,1086.47
2025-08-20,1198.97
2025-08-21,-1538.53
2025-08-22,-3501.03
2025-08-25,111.47000000000003
2025-08-26,-438.53
2025-08-27,-188.52999999999997
2025-08-28,-801.03
2025-08-29,286.47
2025-09-01,-213.53
2025-09-02,-1451.03
2025-09-03,-1613.53
2025-09-04,661.47
2025-09-05,-3188.53
2025-09-08,-176.02999999999997
2025-09-09,-176.02999999999997
2025-09-10,123.97
2025-09-11,-313.53
2025-09-12,-951.03
2025-09-15,-738.53
2025-09-16,-76.02999999999999
2025-09-17,648.97
2025-09-18,-1276.03
2025-09-19,748.97
2025-09-22,0.0
2025-09-23,0.0
2025-09-24,0.0
2025-09-25,0.0
2025-09-26,0.0
2025-09-29,0.0
2025-09-30,0.0
